0.27914461493492126
0.1898776888847351
0.19245384633541107
0.31482598185539246
0.19216446578502655
0.2345002442598343
0.2160762995481491
0.1766495704650879
0.18142850697040558
0.17135928571224213
0.20139282941818237
0.22078855335712433
0.3372872471809387
0.18051794171333313
0.1342831552028656
0.16115455329418182
0.22285138070583344
0.26217153668403625
0.2716609835624695
0.24661104381084442
0.17019136250019073
0.26281052827835083
0.1835029274225235
0.251817911863327
0.24360321462154388
0.22539909183979034
0.1942553073167801
0.15298357605934143
0.08431372046470642
0.24464520812034607
0.18554478883743286
0.21960988640785217
0.21814194321632385
0.2713721990585327
0.20284144580364227
0.18285153806209564
0.15134119987487793
0.18905997276306152
0.2191910594701767
0.19884026050567627
0.1334059089422226
0.20783613622188568
0.26165279746055603
0.14996199309825897
0.17029841244220734
0.36349862813949585
0.23568962514400482
0.2626339793205261
0.22094690799713135
0.2530127167701721
0.19981274008750916
0.1905861794948578
0.1346483826637268
0.199906125664711
0.26700589060783386
0.20529316365718842
0.15019969642162323
0.21446484327316284
0.18956971168518066
0.2861240804195404
0.17934788763523102
0.20847603678703308
0.1734105497598648
0.24802881479263306
0.20892633497714996
0.2554512023925781
0.2849208414554596
0.20232221484184265
0.18661120533943176
0.18308965861797333
0.12404493987560272
0.3765628933906555
0.1359688639640808
0.16016948223114014
0.26574456691741943
0.16449610888957977
0.21401973068714142
0.22120662033557892
0.16483138501644135
0.1387537270784378
0.15111570060253143
0.19608326256275177
0.19954456388950348
0.18564791977405548
0.2032797783613205
0.3154410719871521
0.24444498121738434
0.16896040737628937
0.17466029524803162
0.18633799254894257
0.20031481981277466
0.1993791162967682
0.2873929440975189
0.31747397780418396
0.23004236817359924
0.20790423452854156
0.2606430947780609
0.11923857033252716
0.23343831300735474
0.22934605181217194
0.1691480576992035
0.17861567437648773
0.1827041655778885
0.13601785898208618
0.2868301272392273
0.21003031730651855
0.19718900322914124
0.2182881236076355
0.23300527036190033
0.22503748536109924
0.2109423279762268
0.1500483751296997
0.19781997799873352
0.17781955003738403
0.18962036073207855
0.21023225784301758
0.201710045337677
0.3019064664840698
0.19486132264137268
0.17625993490219116
0.11468064785003662
0.1880183070898056
0.20009581744670868
0.29086795449256897
0.22471359372138977
0.2906697988510132
0.12291166931390762
0.14475306868553162
0.17509067058563232
0.2057734578847885
0.1887926161289215
0.22110626101493835
0.12712866067886353
0.2603705823421478
0.1947154849767685
0.1271071881055832
0.19434882700443268
0.17329289019107819
0.15995439887046814
0.25530973076820374
0.18469883501529694
0.1674131602048874
0.24470894038677216
0.22723007202148438
0.2296464741230011
0.377091646194458
0.14963416755199432
0.21040676534175873
0.13561256229877472
0.16929437220096588
0.09756089001893997
0.2166098803281784
0.18867221474647522
0.2504730820655823
0.22800707817077637
0.15875673294067383
0.22997963428497314
0.21696403622627258
0.20601168274879456
0.1595812290906906
0.10092426836490631
0.3260929584503174
0.22572657465934753
0.3102917969226837
0.20243169367313385
0.12839624285697937
0.2600172460079193
0.1576947420835495
0.10285641998052597
0.20938898622989655
0.14541369676589966
0.1465778797864914
0.12148775905370712
0.14702697098255157
0.1612158715724945
0.30051010847091675
0.1740426868200302
0.229233518242836
0.3086595833301544
0.20967386662960052
0.12337083369493484
0.25267574191093445
0.08373569697141647
0.1631220579147339
0.1602795571088791
0.186494380235672
0.1551600694656372
0.177448570728302
0.17689035832881927
0.20187561213970184
0.26339253783226013
0.12616881728172302
0.23539161682128906
0.18603529036045074
0.17891451716423035
0.20089603960514069
0.25477421283721924
0.15802471339702606
0.12978540360927582
0.22665375471115112
0.26422318816185
0.24914564192295074
0.2515816390514374
0.24708683788776398
0.2622070610523224
0.19274812936782837
0.2078264057636261
0.18163961172103882
0.24883265793323517
0.17761832475662231
0.19051070511341095
0.16553446650505066
0.20426879823207855
0.15663175284862518
0.18467845022678375
0.27758312225341797
0.21492710709571838
0.23133152723312378
0.1936812698841095
0.27639374136924744
0.3048999011516571
0.20364749431610107
0.2047184556722641
0.17350946366786957
0.2440231889486313
0.16263753175735474
0.1330052763223648
0.18849851191043854
0.2888434827327728
0.24105864763259888
0.22537419199943542
0.11524749547243118
0.27955183386802673
0.16421188414096832
0.2292492389678955
0.21871083974838257
0.23665986955165863
0.2503793239593506
0.19064119458198547
0.2108229696750641
0.12348780035972595
0.21069785952568054
0.18869741261005402
0.26425057649612427
0.18010550737380981
0.22336329519748688
0.2040349841117859
0.1493639498949051
0.291166752576828
0.15577822923660278
0.15474754571914673
0.19328780472278595
0.14265714585781097
0.09934001415967941
0.18290451169013977
0.17376504838466644
0.13598515093326569
0.15780261158943176
0.22250430285930634
0.22689445316791534
0.31820541620254517
0.23711974918842316
0.22930631041526794
0.1874208152294159
0.23275911808013916
0.2670207619667053
0.1906392127275467
0.19531887769699097
0.18161794543266296
0.17590083181858063
0.2035233974456787
0.24651753902435303
0.14680485427379608
0.1480747014284134
0.3970035910606384
0.2754991054534912
0.17173337936401367
0.148097425699234
0.22513489425182343
0.1442398875951767
0.17844851315021515
0.2333073914051056
0.20418205857276917
0.1839318573474884
0.2523644268512726
0.15877345204353333
0.18530909717082977
0.14294855296611786
0.20963022112846375
0.1550632268190384
0.15947437286376953
0.2515365481376648
0.2392626255750656
0.2262638807296753
0.24150851368904114
0.14944709837436676
0.13348698616027832
0.13584738969802856
0.2283553034067154
0.215904101729393
0.1943414807319641
0.15869219601154327
0.3586733639240265
0.18348146975040436
0.14441026747226715
0.21557563543319702
0.2159852534532547
0.28686174750328064
0.19989004731178284
0.18280506134033203
0.26379305124282837
0.43611499667167664
0.27950745820999146
0.1375565230846405
0.14555692672729492
0.20385600626468658
0.19419226050376892
0.09658421576023102
0.17228330671787262
0.17310833930969238
0.16393601894378662
0.2455701231956482
0.146819606423378
0.21607254445552826
0.1820807158946991
0.12947864830493927
0.2439560890197754
0.18482054769992828
0.20248298346996307
0.1789601445198059
0.1773529201745987
0.3853389322757721
0.19900330901145935
0.16498419642448425
0.14772939682006836
0.22227635979652405
0.21584099531173706
0.2608536183834076
0.17300252616405487
0.20015569031238556
0.20840059220790863
0.26520925760269165
0.13307970762252808
0.2165767401456833
0.2588888704776764
0.18979965150356293
0.19185705482959747
0.1772882640361786
0.224551722407341
0.1489582508802414
0.24176089465618134
0.19535784423351288
0.20715810358524323
0.1576143503189087
0.19974856078624725
0.17174430191516876
0.2714674174785614
0.22267010807991028
0.24247169494628906
0.2008383423089981
0.21772371232509613
0.1854012906551361
0.1860053986310959
0.2341976910829544
0.21015098690986633
0.21637730300426483
0.15474805235862732
0.30464667081832886
0.16136112809181213
0.2781983017921448
0.18452230095863342
0.1694316565990448
0.21686330437660217
0.22508247196674347
0.18593072891235352
0.1676890105009079
0.22360646724700928
0.16726109385490417
0.22520823776721954
0.10126520693302155
0.23090200126171112
0.24403050541877747
0.21907547116279602
0.23342452943325043
0.12792284786701202
0.2967289090156555
0.16425830125808716
0.1645805537700653
0.1263836771249771
0.1657448261976242
0.12372644990682602
0.1571117639541626
0.1020292118191719
0.1731376200914383
0.23317790031433105
0.24906301498413086
0.29584068059921265
0.2043645977973938
0.17370019853115082
0.1252235323190689
0.15055647492408752
0.23551182448863983
0.16778963804244995
0.24706585705280304
0.12914614379405975
0.17949649691581726
0.1979520469903946
0.1779903918504715
0.23571373522281647
0.1832972764968872
0.14036394655704498
0.21966351568698883
0.13836316764354706
0.2941357493400574
0.27230408787727356
0.31009092926979065
0.23357395827770233
0.2684474289417267
0.08430904150009155
0.17038224637508392
0.19218333065509796
0.31921252608299255
0.29169636964797974
0.1413111686706543
0.14540283381938934
0.18978603184223175
0.22988593578338623
0.2699596881866455
0.22659723460674286
0.22991618514060974
0.27873846888542175
0.13709008693695068
0.3107004165649414
0.15082710981369019
0.30224889516830444
0.3506492078304291
0.174072265625
0.08508050441741943
0.2108241617679596
0.2236456274986267
0.16016383469104767
0.33119437098503113
0.20243488252162933
0.22343683242797852
0.14803127944469452
0.17469502985477448
0.1996762454509735
0.25493404269218445
0.26090824604034424
0.2238604724407196
0.12852106988430023
0.23015698790550232
0.1968190222978592
0.22072921693325043
0.2135959416627884
0.3396569788455963
0.27359724044799805
0.2052925080060959
0.21146027743816376
0.1811642050743103
0.24227437376976013
0.3817403018474579
0.1824592798948288
0.2589661777019501
0.21225802600383759
0.1501537561416626
0.24608197808265686
0.19005829095840454
0.2794918715953827
0.19341401755809784
0.24435681104660034
0.19751346111297607
0.19339405000209808
0.27525487542152405
0.20706576108932495
0.16647367179393768
0.19693364202976227
0.16116009652614594
0.2954726219177246
0.14889714121818542
0.1689339578151703
0.24048125743865967
0.19486567378044128
0.157692089676857
0.32629871368408203
0.2016923576593399
0.20122003555297852
0.18932101130485535
0.13218961656093597
0.16936823725700378
0.18965496122837067
0.09765858203172684
0.15480323135852814
0.17990989983081818
0.2665955722332001
0.29382428526878357
0.21299178898334503
0.18039704859256744
0.2879948318004608
0.23187550902366638
0.23459243774414062
0.159310981631279
0.18562082946300507
0.17189903557300568
0.18643394112586975
0.27705153822898865
