0.1930566281080246
0.20445241034030914
0.19418330490589142
0.2691779136657715
0.21343983709812164
0.20313435792922974
0.219166561961174
0.22940325736999512
0.14571677148342133
0.1109253466129303
0.19212032854557037
0.18681246042251587
0.1826050579547882
0.15339483320713043
0.25069791078567505
0.27704137563705444
0.16990140080451965
0.17182928323745728
0.16723117232322693
0.15329788625240326
0.26179203391075134
0.18768242001533508
0.18129633367061615
0.2614436745643616
0.2906533181667328
0.2284228503704071
0.24690943956375122
0.3107675611972809
0.14838804304599762
0.22891069948673248
0.19894666969776154
0.17126622796058655
0.1825641542673111
0.19726304709911346
0.19990229606628418
0.18572022020816803
0.14902310073375702
0.1386401504278183
0.2125464677810669
0.1494336724281311
0.2724989056587219
0.1587938666343689
0.11270608007907867
0.172167107462883
0.1345178335905075
0.21347597241401672
0.22792819142341614
0.20046775043010712
0.18410931527614594
0.115571990609169
0.1369803100824356
0.18289731442928314
0.14892229437828064
0.15860497951507568
0.21340617537498474
0.1815953403711319
0.14891274273395538
0.19052459299564362
0.21956489980220795
0.19462154805660248
0.1321745216846466
0.13694866001605988
0.20348119735717773
0.1394023299217224
0.1461336463689804
0.2615153193473816
0.23424509167671204
0.22661320865154266
0.21181830763816833
0.25839707255363464
0.18523627519607544
0.25679388642311096
0.17576245963573456
0.25272929668426514
0.2270762324333191
0.2613173723220825
0.19831867516040802
0.19479063153266907
0.1559668779373169
0.19280757009983063
0.10737603157758713
0.1916424036026001
0.19548983871936798
0.16314363479614258
0.1550874561071396
0.2561788856983185
0.2296743541955948
0.2351451814174652
0.32591888308525085
0.2474958747625351
0.15328386425971985
0.26086539030075073
0.2889726161956787
0.12074416130781174
0.2481541931629181
0.13531483709812164
0.21082466840744019
0.2056838572025299
0.29623231291770935
0.2224627435207367
0.20966412127017975
0.18157437443733215
0.13299691677093506
0.17168167233467102
0.20617756247520447
0.1528988927602768
0.19226223230361938
0.18687064945697784
0.1960008293390274
0.24907982349395752
0.17717203497886658
0.17700901627540588
0.1825561672449112
0.26906150579452515
0.11257783323526382
0.21015766263008118
0.194743350148201
0.23852668702602386
0.2523843050003052
0.12388081848621368
0.20948080718517303
0.20277954638004303
0.2472236603498459
0.20492272078990936
0.09720867872238159
0.28654876351356506
0.2682805061340332
0.2312743067741394
0.2518899142742157
0.16085828840732574
0.17110005021095276
0.17468294501304626
0.2643633484840393
0.17389070987701416
0.18348880112171173
0.23588748276233673
0.1888035535812378
0.21773704886436462
0.2129444032907486
0.11489713937044144
0.2010907679796219
0.14127081632614136
0.21247819066047668
0.19262799620628357
0.18895888328552246
0.24133239686489105
0.27545005083084106
0.23018112778663635
0.20813705027103424
0.1925981342792511
0.1718442738056183
0.21549533307552338
0.25309309363365173
0.2425922155380249
0.19633637368679047
0.27715596556663513
0.19408945739269257
0.15454792976379395
0.12457401305437088
0.18748299777507782
0.24213068187236786
0.1569303423166275
0.1715802699327469
0.1887752115726471
0.19050216674804688
0.11720606684684753
0.2699044942855835
0.1543923169374466
0.2016385793685913
0.17076188325881958
0.16730789840221405
0.2543221414089203
0.13814422488212585
0.1676713526248932
0.25164979696273804
0.1630697101354599
0.23921094834804535
0.20161029696464539
0.14657606184482574
0.1753671020269394
0.11629974097013474
0.19396404922008514
0.21837575733661652
0.19473698735237122
0.14397121965885162
0.12955258786678314
0.1211198940873146
0.2649105191230774
0.19666559994220734
0.24336448311805725
0.24926544725894928
0.2615211606025696
0.1464989185333252
0.1720103770494461
0.13714167475700378
0.138678640127182
0.2084924280643463
0.14469948410987854
0.12439543753862381
0.21166464686393738
0.2399427592754364
0.27251267433166504
0.1902279257774353
0.34481069445610046
0.20787666738033295
0.3763915002346039
0.2675642669200897
0.17835256457328796
0.284408837556839
0.21581682562828064
0.2139674425125122
0.17206257581710815
0.23206637799739838
0.2069133222103119
0.18149074912071228
0.14591185748577118
0.2627706527709961
0.3271775245666504
0.1603749841451645
0.20962844789028168
0.13001009821891785
0.16314658522605896
0.26626256108283997
0.3403949439525604
0.257870078086853
0.2726457417011261
0.15920376777648926
0.21059022843837738
0.1484633833169937
0.28609734773635864
0.1390947699546814
0.3033515214920044
0.14275963604450226
0.25673457980155945
0.13536889851093292
0.21426373720169067
0.1887836903333664
0.19315576553344727
0.19859442114830017
0.302157998085022
0.23671597242355347
0.23029208183288574
0.18692976236343384
0.19949613511562347
0.2233688086271286
0.16348327696323395
0.2909524440765381
0.22416898608207703
0.197527676820755
0.2509012222290039
0.1293279081583023
0.1540858894586563
0.2104235291481018
0.2860316336154938
0.2761166989803314
0.09630341827869415
0.21011248230934143
0.19915784895420074
0.22393549978733063
0.2269677221775055
0.14173564314842224
0.1735876500606537
0.23070241510868073
0.17214436829090118
0.24072104692459106
0.11224029213190079
0.24426694214344025
0.1594303995370865
0.21384821832180023
0.1937326043844223
0.18864046037197113
0.16606751084327698
0.16764801740646362
0.15616516768932343
0.17148712277412415
0.23398345708847046
0.299253910779953
0.19770976901054382
0.17393752932548523
0.25571560859680176
0.201732337474823
0.2712142765522003
0.186679869890213
0.21438655257225037
0.14992570877075195
0.18601231276988983
0.1338091343641281
0.20181643962860107
0.1274890899658203
0.20854716002941132
0.13669739663600922
0.18263843655586243
0.2987394332885742
0.11614034324884415
0.21668264269828796
0.1885368674993515
0.17615173757076263
0.25231924653053284
0.13657265901565552
0.18296507000923157
0.13868583738803864
0.1531609296798706
0.18567048013210297
0.2554452121257782
0.2763676941394806
0.14837875962257385
0.19990941882133484
0.13136498630046844
0.23318201303482056
0.2508966028690338
0.30450674891471863
0.1765744835138321
0.1714872121810913
0.20799174904823303
0.2159857451915741
0.14708006381988525
0.21264038980007172
0.2205619513988495
0.18995517492294312
0.24028007686138153
0.1483088880777359
0.21892069280147552
0.2930932939052582
0.23723945021629333
0.16846723854541779
0.1684611439704895
0.20778436958789825
0.26890620589256287
0.26329320669174194
0.16502873599529266
0.27965986728668213
0.19140289723873138
0.1953478753566742
0.17859859764575958
0.30589666962623596
0.15336458384990692
0.2784818410873413
0.27945637702941895
0.18243911862373352
0.21175473928451538
0.16233520209789276
0.16182534396648407
0.2048802375793457
0.21907489001750946
0.16588953137397766
0.21986129879951477
0.17188987135887146
0.16013678908348083
0.2347630262374878
0.1881522238254547
0.1493764966726303
0.17893651127815247
0.16695325076580048
0.1438414454460144
0.1577422171831131
0.18521861732006073
0.22979113459587097
0.11484035849571228
0.17388920485973358
0.15832345187664032
0.25537076592445374
0.1893688142299652
0.2144494354724884
0.18068130314350128
0.12224385887384415
0.19437150657176971
0.195725679397583
0.27044570446014404
0.32060492038726807
0.19681884348392487
0.13480359315872192
0.18587324023246765
0.26477035880088806
0.183545783162117
0.12794871628284454
0.21297676861286163
0.1912873387336731
0.22966693341732025
0.2059105634689331
0.2302374541759491
0.24824710190296173
0.3580409288406372
0.14991295337677002
0.2075687199831009
0.20102080702781677
0.19338852167129517
0.31199660897254944
0.23946787416934967
0.2761097252368927
0.2546302378177643
0.2760626971721649
0.16270321607589722
0.15431833267211914
0.15161700546741486
0.2255895733833313
0.14579200744628906
0.40229377150535583
0.15699900686740875
0.24614819884300232
0.20505090057849884
0.19309814274311066
0.1905151903629303
0.19366447627544403
0.09946040064096451
0.10111027956008911
0.1328696757555008
0.17959633469581604
0.28294941782951355
0.16545438766479492
0.22601498663425446
0.20726372301578522
0.23892486095428467
0.2549549341201782
0.2464827001094818
0.2608264982700348
0.14182403683662415
0.24849247932434082
0.2523030936717987
0.22645626962184906
0.30601853132247925
0.1949101835489273
0.2778041958808899
0.337819367647171
0.21947260200977325
0.19880233705043793
0.2734612822532654
0.25176775455474854
0.15480440855026245
0.1939326673746109
0.22402308881282806
0.19222392141819
0.2581646740436554
0.23833206295967102
0.18242008984088898
0.17511852085590363
0.187156081199646
0.16973742842674255
0.09861107915639877
0.22117622196674347
0.1894068717956543
0.1464499533176422
0.17167022824287415
0.2872655689716339
0.167096346616745
0.15707193315029144
0.17677105963230133
0.24751098453998566
0.1703159511089325
0.22343304753303528
0.19087067246437073
0.17975196242332458
0.17094017565250397
0.2018214911222458
0.17809709906578064
0.19281399250030518
0.19529706239700317
0.22180546820163727
0.15956643223762512
0.12683729827404022
0.22101305425167084
0.18035802245140076
0.2503849267959595
0.19646716117858887
0.31185945868492126
0.18412479758262634
0.2680543065071106
0.1809399127960205
0.2755507528781891
0.2218000739812851
0.29190459847450256
0.1459030956029892
0.18838170170783997
0.20201098918914795
0.18654416501522064
0.08739583939313889
0.2560429871082306
0.18995080888271332
0.24168960750102997
0.1928665041923523
0.17577406764030457
0.21511411666870117
0.16132257878780365
0.3000964820384979
0.12253572791814804
0.19079630076885223
0.20247231423854828
0.22179850935935974
0.21435292065143585
0.23163896799087524
0.1671311855316162
0.2572166323661804
0.236922025680542
0.10143852233886719
0.2637285888195038
0.39833077788352966
0.22158075869083405
0.20358742773532867
0.217573344707489
0.18673746287822723
0.22332097589969635
0.2659081816673279
0.22526215016841888
0.20672941207885742
0.18882028758525848
0.15162478387355804
0.20005929470062256
