0.19550585746765137
0.21474085748195648
0.14188547432422638
0.19206567108631134
0.20344185829162598
0.20117081701755524
0.18924382328987122
0.24681198596954346
0.18487012386322021
0.23369087278842926
0.09672817587852478
0.17928186058998108
0.1825605183839798
0.2959882318973541
0.11986399441957474
0.13931728899478912
0.23935070633888245
0.2406257688999176
0.19830887019634247
0.28443923592567444
0.1402796059846878
0.23651911318302155
0.1471043825149536
0.1551440805196762
0.166300430893898
0.21595703065395355
0.20981182157993317
0.15675656497478485
0.28772127628326416
0.1323002427816391
0.18628807365894318
0.1372227668762207
0.2332131415605545
0.17083293199539185
0.2734520137310028
0.18634386360645294
0.20530711114406586
0.1462242752313614
0.17225822806358337
0.15013593435287476
0.17820708453655243
0.243381530046463
0.2363540083169937
0.3064926564693451
0.22038985788822174
0.21880023181438446
0.24138030409812927
0.13594485819339752
0.2726016938686371
0.2635742723941803
0.30773264169692993
0.1643192172050476
0.20517292618751526
0.24925608932971954
0.17742809653282166
0.16322407126426697
0.25869220495224
0.2408597320318222
0.2198873609304428
0.18354955315589905
0.22180327773094177
0.26108962297439575
0.2711450755596161
0.20253056287765503
0.2598315477371216
0.22188758850097656
0.19652965664863586
0.14665095508098602
0.24217569828033447
0.23128920793533325
0.21017926931381226
0.28127434849739075
0.16165736317634583
0.34409621357917786
0.24573832750320435
0.1696377843618393
0.24951820075511932
0.13704530894756317
0.30822989344596863
0.10967477411031723
0.2252570539712906
0.14921805262565613
0.3153802454471588
0.275664359331131
0.1325910985469818
0.14959189295768738
0.23392832279205322
0.1737884134054184
0.13492606580257416
0.20666317641735077
0.15962433815002441
0.20486482977867126
0.28433772921562195
0.16241846978664398
0.20942042768001556
0.16569016873836517
0.17599058151245117
0.2030467689037323
0.2744520902633667
0.1855863481760025
0.23335766792297363
0.2982321083545685
0.2094552367925644
0.1948043256998062
0.18651393055915833
0.22491058707237244
0.13132122159004211
0.20855580270290375
0.17762397229671478
0.13157311081886292
0.18583041429519653
0.26413390040397644
0.21043473482131958
0.17097613215446472
0.21743986010551453
0.15504521131515503
0.26717835664749146
0.19108209013938904
0.2568932771682739
0.13455098867416382
0.2843450605869293
0.31622549891471863
0.2691684663295746
0.15585041046142578
0.19744980335235596
0.18123246729373932
0.14930512011051178
0.2031511664390564
0.2462463676929474
0.15992441773414612
0.11922141909599304
0.21904481947422028
0.20135822892189026
0.18790018558502197
0.24616298079490662
0.1667746752500534
0.17513491213321686
0.25279998779296875
0.1976279318332672
0.12892159819602966
0.25820237398147583
0.19731564819812775
0.15182384848594666
0.15703292191028595
0.11665601283311844
0.32337045669555664
0.19085940718650818
0.16418097913265228
0.26200518012046814
0.21945133805274963
0.27417850494384766
0.16249607503414154
0.1758376508951187
0.20948709547519684
0.16054944694042206
0.12542681396007538
0.23727498948574066
0.18096959590911865
0.28388428688049316
0.3451727330684662
0.24946792423725128
0.2276708036661148
0.2927331328392029
0.2997363805770874
0.22140032052993774
0.2944048047065735
0.188420832157135
0.19944870471954346
0.14031699299812317
0.26539501547813416
0.23119941353797913
0.18266749382019043
0.08679096400737762
0.14756877720355988
0.18053242564201355
0.12327542901039124
0.18869063258171082
0.18902616202831268
0.15889813005924225
0.19421151280403137
0.17875100672245026
0.15371659398078918
0.29698410630226135
0.2282811552286148
0.2224012017250061
0.2308424562215805
0.24066166579723358
0.13652047514915466
0.24421951174736023
0.12048853188753128
0.23104001581668854
0.14083032310009003
0.1228269413113594
0.12990504503250122
0.17967869341373444
0.23715688288211823
0.14232462644577026
0.17554575204849243
0.21402600407600403
0.20036190748214722
0.22966191172599792
0.14603769779205322
0.16696186363697052
0.21209701895713806
0.2538180649280548
0.17877541482448578
0.10024788975715637
0.17832180857658386
0.23274943232536316
0.27942022681236267
0.1672462522983551
0.18652433156967163
0.1422267109155655
0.25036269426345825
0.21189680695533752
0.21088765561580658
0.13051195442676544
0.27596962451934814
0.20031112432479858
0.1906893402338028
0.18190228939056396
0.42683252692222595
0.32001346349716187
0.35366249084472656
0.40817609429359436
0.3161006271839142
0.12257629632949829
0.25230172276496887
0.22462880611419678
0.1834433227777481
0.15217775106430054
0.19850681722164154
0.1268087774515152
0.2698756456375122
0.260981947183609
0.1748218983411789
0.27362310886383057
0.2337716668844223
0.15718121826648712
0.14741821587085724
0.19510306417942047
0.16626298427581787
0.1895870417356491
0.28057774901390076
0.11045083403587341
0.20609937608242035
0.1629939079284668
0.2386612445116043
0.14011602103710175
0.14945603907108307
0.25004059076309204
0.1801651567220688
0.2864552438259125
0.17206741869449615
0.2034725397825241
0.29423603415489197
0.21244409680366516
0.14006581902503967
0.2480756640434265
0.19474077224731445
0.2764197587966919
0.17974619567394257
0.24365723133087158
0.12723278999328613
0.25419798493385315
0.14748595654964447
0.18491406738758087
0.21435265243053436
0.227284774184227
0.3444702625274658
0.2558281123638153
0.17231301963329315
0.3224799931049347
0.29846101999282837
0.29379841685295105
0.2365078181028366
0.15377967059612274
0.23504739999771118
0.21232298016548157
0.17861218750476837
0.22389963269233704
0.2012322098016739
0.16176964342594147
0.22260817885398865
0.16239751875400543
0.23883265256881714
0.16969259083271027
0.20291118323802948
0.14841319620609283
0.2620299160480499
0.19079643487930298
0.2278922200202942
0.20564308762550354
0.17276005446910858
0.2228785753250122
0.23013482987880707
0.3148413300514221
0.1453666090965271
0.16174331307411194
0.16994717717170715
0.16322322189807892
0.16586637496948242
0.20134666562080383
0.14438806474208832
0.18776820600032806
0.2184068262577057
0.11079671233892441
0.307323157787323
0.23165316879749298
0.1387467384338379
0.2859748899936676
0.20070594549179077
0.16314569115638733
0.17172878980636597
0.19240699708461761
0.25137361884117126
0.19546572864055634
0.19789372384548187
0.11264971643686295
0.15354815125465393
0.1392822116613388
0.16104385256767273
0.28425338864326477
0.29438191652297974
0.19692926108837128
0.1396198719739914
0.16268235445022583
0.22373619675636292
0.1764574944972992
0.165226012468338
0.3424510359764099
0.14952608942985535
0.24471189081668854
0.20376454293727875
0.26683762669563293
0.21289022266864777
0.22271889448165894
0.2078874409198761
0.21504078805446625
0.2568425238132477
0.13054166734218597
0.1115463525056839
0.19760777056217194
0.1368749439716339
0.15174107253551483
0.14015084505081177
0.24975478649139404
0.13837064802646637
0.11042551696300507
0.20948883891105652
0.29165172576904297
0.2932847738265991
0.17854169011116028
0.13114194571971893
0.22617609798908234
0.18902724981307983
0.1911906749010086
0.09988334029912949
0.12701354920864105
0.19125109910964966
0.2945609390735626
0.24750325083732605
0.13785240054130554
0.19368398189544678
0.10625329613685608
0.20409701764583588
0.2838447690010071
0.13605596125125885
0.21214622259140015
0.19682975113391876
0.19945739209651947
0.18971848487854004
0.13898006081581116
0.26625972986221313
0.23971247673034668
0.18171848356723785
0.2129073143005371
0.2225024402141571
0.18576358258724213
0.24643997848033905
0.161763995885849
0.15879325568675995
0.22903238236904144
0.17003440856933594
0.28789204359054565
0.1596369743347168
0.17882660031318665
0.15594498813152313
0.27930065989494324
0.33771654963493347
0.11982007324695587
0.1352654993534088
0.26770782470703125
0.22440294921398163
0.27067720890045166
0.28365230560302734
0.2591698169708252
0.24847091734409332
0.2531034052371979
0.18269257247447968
0.1943710893392563
0.1275993287563324
0.3246787488460541
0.12935078144073486
0.15792310237884521
0.15893569588661194
0.1760789304971695
0.1459071785211563
0.1988084614276886
0.2534986436367035
0.19053955376148224
0.29626360535621643
0.1474955826997757
0.21744278073310852
0.15220221877098083
0.23003193736076355
0.2589164674282074
0.22655385732650757
0.29058292508125305
0.12997666001319885
0.15133847296237946
0.13597527146339417
0.1728525161743164
0.2331753522157669
0.23002411425113678
0.1854475438594818
0.10104629397392273
0.2172040492296219
0.1067952960729599
0.19363290071487427
0.2217874974012375
0.2383045256137848
0.22934743762016296
0.1961430460214615
0.25056618452072144
0.2492210865020752
0.21542678773403168
0.2692914307117462
0.18996848165988922
0.31726109981536865
0.15028324723243713
0.22835932672023773
0.1870003193616867
0.13568247854709625
0.25191545486450195
0.27960404753685
0.2155255675315857
0.191697895526886
0.2876710593700409
0.2017575353384018
0.1701430380344391
0.17380252480506897
0.15529558062553406
0.20056776702404022
0.12788566946983337
0.19701023399829865
0.27434250712394714
0.18074610829353333
0.24684588611125946
0.23621228337287903
0.2458079755306244
0.3030926585197449
0.2930184304714203
0.34736356139183044
0.16508734226226807
0.22920796275138855
0.23546266555786133
0.2118758112192154
0.21082431077957153
0.20351561903953552
0.14737457036972046
0.19202463328838348
0.19956183433532715
0.19807514548301697
0.2143833190202713
0.22175206243991852
0.15141096711158752
0.35110971331596375
0.18400408327579498
0.12314927577972412
0.2234937846660614
0.26405730843544006
0.2704698145389557
0.24726086854934692
0.162227064371109
0.14987234771251678
0.2668592929840088
0.1490411013364792
0.24025218188762665
0.19419649243354797
0.241227924823761
0.2735902965068817
0.16114895045757294
0.23911504447460175
0.2340126484632492
0.3115743398666382
0.3868609368801117
0.2209904044866562
0.21335025131702423
0.19507530331611633
0.24867266416549683
0.20709700882434845
0.12386617064476013
0.1516997367143631
0.32108813524246216
0.1687595248222351
