0.20682108402252197
0.16831867396831512
0.22613266110420227
0.26662346720695496
0.20043981075286865
0.3136625289916992
0.16250728070735931
0.1715053766965866
0.23336270451545715
0.12971405684947968
0.23575171828269958
0.21924440562725067
0.15372881293296814
0.2455926537513733
0.22312675416469574
0.19702698290348053
0.18744002282619476
0.1433618813753128
0.20690083503723145
0.2656781077384949
0.2571753263473511
0.22627092897891998
0.20065699517726898
0.15971656143665314
0.22216570377349854
0.2485135942697525
0.1690714955329895
0.1928178369998932
0.1648384928703308
0.29635733366012573
0.1539338231086731
0.21743181347846985
0.2046148031949997
0.2049141824245453
0.17711851000785828
0.19358497858047485
0.30656418204307556
0.1865551471710205
0.2541193664073944
0.18426397442817688
0.22124041616916656
0.20278112590312958
0.25707149505615234
0.184310182929039
0.23328913748264313
0.16051633656024933
0.1969771832227707
0.18273276090621948
0.29355737566947937
0.17385324835777283
0.1916428953409195
0.3838174045085907
0.1432243436574936
0.2647448778152466
0.16757327318191528
0.25601065158843994
0.21833831071853638
0.2633858323097229
0.23557068407535553
0.2186436653137207
0.2385840117931366
0.2667260468006134
0.15572489798069
0.2679080665111542
0.13396480679512024
0.2332208752632141
0.18661099672317505
0.18797561526298523
0.25782570242881775
0.1941705048084259
0.22348371148109436
0.1942664533853531
0.21041715145111084
0.22420717775821686
0.2591809928417206
0.20917510986328125
0.1251469999551773
0.18309663236141205
0.21018393337726593
0.18412669003009796
0.23499320447444916
0.15131056308746338
0.136346235871315
0.15912602841854095
0.14962951838970184
0.2684422433376312
0.22027379274368286
0.22120673954486847
0.23955871164798737
0.15263675153255463
0.262114018201828
0.1355159431695938
0.17371952533721924
0.2581302523612976
0.18476542830467224
0.14272545278072357
0.21084922552108765
0.2822389602661133
0.20126377046108246
0.18308110535144806
0.2393878698348999
0.23157130181789398
0.1714058518409729
0.13388371467590332
0.14593395590782166
0.16530883312225342
0.295034795999527
0.12454391270875931
0.1418847143650055
0.09584800899028778
0.21650883555412292
0.23704218864440918
0.1661742627620697
0.09712482243776321
0.307992160320282
0.1388973593711853
0.1840343475341797
0.37015289068222046
0.26426202058792114
0.2341916710138321
0.1871355026960373
0.20398899912834167
0.3201259672641754
0.21085405349731445
0.3040420114994049
0.15303601324558258
0.3515717089176178
0.2538912296295166
0.1744019240140915
0.17667648196220398
0.1823183298110962
0.26277250051498413
0.23269595205783844
0.08474019169807434
0.1846490502357483
0.26424235105514526
0.23379531502723694
0.3075413703918457
0.22008107602596283
0.2519065737724304
0.2207099199295044
0.21187618374824524
0.18023338913917542
0.17235535383224487
0.2131091207265854
0.2504020929336548
0.30274099111557007
0.14816583693027496
0.1807144731283188
0.18912680447101593
0.24730423092842102
0.12755034863948822
0.2349233478307724
0.24900144338607788
0.15993525087833405
0.1729660928249359
0.16512896120548248
0.17318858206272125
0.2364184558391571
0.2470887452363968
0.17883983254432678
0.14683809876441956
0.15828099846839905
0.14852915704250336
0.17694781720638275
0.21215862035751343
0.2099919617176056
0.2600538730621338
0.20427292585372925
0.19941531121730804
0.20850870013237
0.2155393660068512
0.27431219816207886
0.2786271274089813
0.2052355259656906
0.2584543526172638
0.1317913681268692
0.2715967297554016
0.13762681186199188
0.2123076319694519
0.18652348220348358
0.2499660700559616
0.22043274343013763
0.152337908744812
0.28858768939971924
0.32841530442237854
0.22639749944210052
0.18627089262008667
0.21396687626838684
0.18469293415546417
0.21378082036972046
0.09721901267766953
0.3363628685474396
0.23188811540603638
0.24141786992549896
0.172527477145195
0.17855632305145264
0.16689659655094147
0.19705012440681458
0.21711795032024384
0.1770019382238388
0.1758020967245102
0.14601506292819977
0.20522567629814148
0.21988436579704285
0.2282833606004715
0.29316192865371704
0.24496160447597504
0.2388957440853119
0.20694389939308167
0.1601911038160324
0.24715596437454224
0.2112448811531067
0.18098081648349762
0.2406614124774933
0.12419957667589188
0.2473522424697876
0.17136837542057037
0.15853027999401093
0.2873523235321045
0.1711362898349762
0.24285903573036194
0.22421397268772125
0.1939276158809662
0.23494158685207367
0.15966029465198517
0.24197886884212494
0.14648620784282684
0.20924557745456696
0.19279249012470245
0.2297401875257492
0.22790221869945526
0.24056769907474518
0.1827434003353119
0.17661750316619873
0.339011549949646
0.2863242030143738
0.2770136892795563
0.1983298510313034
0.174244686961174
0.13937988877296448
0.1834709346294403
0.2633337676525116
0.1721586287021637
0.12873736023902893
0.23848210275173187
0.18995827436447144
0.20772288739681244
0.14067617058753967
0.13167643547058105
0.2298496514558792
0.220653235912323
0.1727636456489563
0.18069997429847717
0.19617116451263428
0.1357489824295044
0.1314067542552948
0.1278998702764511
0.212280735373497
0.27031806111335754
0.25486546754837036
0.12739691138267517
0.1957303285598755
0.20802746713161469
0.20108476281166077
0.22324256598949432
0.2289728820323944
0.2682737410068512
0.1415957510471344
0.23978863656520844
0.161423459649086
0.28194257616996765
0.2533353567123413
0.15230008959770203
0.1593969762325287
0.28807875514030457
0.20246894657611847
0.25879302620887756
0.13559606671333313
0.15455016493797302
0.24747247993946075
0.12566471099853516
0.15205828845500946
0.14606669545173645
0.21762466430664062
0.11152201145887375
0.19934631884098053
0.17746025323867798
0.1607360690832138
0.29507842659950256
0.1374225914478302
0.24932800233364105
0.24800652265548706
0.334746390581131
0.2502373158931732
0.25891977548599243
0.32126671075820923
0.4080662131309509
0.10002017766237259
0.09717642515897751
0.18927830457687378
0.3704147934913635
0.213437020778656
0.29156485199928284
0.2122265100479126
0.16454613208770752
0.26813647150993347
0.21314413845539093
0.17677947878837585
0.21908289194107056
0.13457241654396057
0.16260667145252228
0.2665594518184662
0.28507161140441895
0.21226486563682556
0.2097855806350708
0.16841362416744232
0.26662707328796387
0.13716503977775574
0.124393530189991
0.17767640948295593
0.15802650153636932
0.18876001238822937
0.20445819199085236
0.3385273218154907
0.14772486686706543
0.25041958689689636
0.18586167693138123
0.23749898374080658
0.15581870079040527
0.1073344275355339
0.18195447325706482
0.21749873459339142
0.2457413673400879
0.15399007499217987
0.22264589369297028
0.2237526923418045
0.13737134635448456
0.24543841183185577
0.2075372040271759
0.27286675572395325
0.24650365114212036
0.16143366694450378
0.24289171397686005
0.204798623919487
0.21764229238033295
0.2629910707473755
0.21347935497760773
0.1558152139186859
0.22083181142807007
0.26191917061805725
0.15264931321144104
0.17422498762607574
0.19058899581432343
0.2111455500125885
0.19610323011875153
0.17974746227264404
0.11249297112226486
0.15108685195446014
0.16534405946731567
0.2331816852092743
0.1955806165933609
0.31246984004974365
0.13597546517848969
0.19359125196933746
0.16183677315711975
0.24842028319835663
0.18590079247951508
0.23386012017726898
0.2456071674823761
0.2351868897676468
0.2799030840396881
0.21502944827079773
0.14102426171302795
0.22781138122081757
0.24751615524291992
0.2397984117269516
0.23933064937591553
0.14897091686725616
0.32889115810394287
0.2714627683162689
0.28761589527130127
0.23730529844760895
0.1972895860671997
0.27041468024253845
0.14064931869506836
0.23535192012786865
0.1708986610174179
0.16825006902217865
0.10470778495073318
0.25362929701805115
0.28590092062950134
0.24022865295410156
0.18393434584140778
0.150178000330925
0.22923803329467773
0.18394111096858978
0.1745801419019699
0.16719205677509308
0.19318541884422302
0.2575916051864624
0.21680082380771637
0.16772450506687164
0.2797134816646576
0.24692794680595398
0.3059222996234894
0.2758558690547943
0.14497284591197968
0.2861320376396179
0.17372286319732666
0.18950699269771576
0.1509787142276764
0.1630629003047943
0.15156975388526917
0.31679266691207886
0.19667159020900726
0.2279973030090332
0.23385778069496155
0.1479901820421219
0.21395860612392426
0.291230708360672
0.2226601392030716
0.21794921159744263
0.1963738054037094
0.21869896352291107
0.20572447776794434
0.18426251411437988
0.1730368584394455
0.13607138395309448
0.14178800582885742
0.21944516897201538
0.16984128952026367
0.17844073474407196
0.1801728457212448
0.23578880727291107
0.3265095353126526
0.12500689923763275
0.24153584241867065
0.22951197624206543
0.14216865599155426
0.23499780893325806
0.23439611494541168
0.2744089365005493
0.21247237920761108
0.14528720080852509
0.17679791152477264
0.11861073970794678
0.21757276356220245
0.21041405200958252
0.21611209213733673
0.267559677362442
0.31826671957969666
0.1918136030435562
0.1675778329372406
0.277792751789093
0.22866669297218323
0.10551568120718002
0.3665275275707245
0.3021322190761566
0.21737678349018097
0.12151776999235153
0.23104606568813324
0.18968334794044495
0.339118093252182
0.15595458447933197
0.19643224775791168
0.19427093863487244
0.27535706758499146
0.2083955556154251
0.1865806132555008
0.20761652290821075
0.20456789433956146
0.11460746824741364
0.1357574760913849
0.30957138538360596
0.22234496474266052
0.21242265403270721
0.12901443243026733
0.2528776228427887
0.30734187364578247
0.13860176503658295
0.20450405776500702
0.22097371518611908
0.2365814745426178
0.16060535609722137
0.35862991213798523
0.17469462752342224
0.16882313787937164
0.2513704299926758
0.26649028062820435
0.21828170120716095
0.23979952931404114
0.1711055189371109
0.15926557779312134
0.12164852023124695
0.2742127776145935
0.27948102355003357
0.35260048508644104
0.28134649991989136
0.3303941488265991
0.202788308262825
0.21746177971363068
0.30688410997390747
0.20047706365585327
0.2029651701450348
0.21560326218605042
