0.14274412393569946
0.16431289911270142
0.23864807188510895
0.2772376835346222
0.09772427380084991
0.20233912765979767
0.15446388721466064
0.22143712639808655
0.21187955141067505
0.24760577082633972
0.11509362608194351
0.17053532600402832
0.19877149164676666
0.16597908735275269
0.18387536704540253
0.21618624031543732
0.21771730482578278
0.20013979077339172
0.17764776945114136
0.2822011709213257
0.2512758672237396
0.20470894873142242
0.19228999316692352
0.22257499396800995
0.2246144413948059
0.18458867073059082
0.18477997183799744
0.23646663129329681
0.19998130202293396
0.2091285139322281
0.3073757290840149
0.17273859679698944
0.333785742521286
0.292533814907074
0.21204455196857452
0.22599606215953827
0.22627416253089905
0.2726483643054962
0.21606536209583282
0.2840818762779236
0.2803431749343872
0.17892131209373474
0.19187133014202118
0.2769320011138916
0.2818615436553955
0.18759645521640778
0.3260931074619293
0.1353595107793808
0.23372411727905273
0.17004866898059845
0.20128364861011505
0.2142581194639206
0.23054471611976624
0.13497035205364227
0.2803886830806732
0.14554738998413086
0.32936200499534607
0.17735837399959564
0.24251282215118408
0.19460447132587433
0.17347492277622223
0.1655426323413849
0.21972335875034332
0.24376772344112396
0.22852541506290436
0.17098179459571838
0.1813860833644867
0.13594120740890503
0.2310749590396881
0.16361942887306213
0.09654318541288376
0.2292032688856125
0.21067464351654053
0.25212952494621277
0.24337071180343628
0.1961391121149063
0.2010219544172287
0.22527126967906952
0.21599888801574707
0.22325068712234497
0.18051837384700775
0.21749716997146606
0.2200443595647812
0.3055049777030945
0.09931641072034836
0.2678731381893158
0.2859081029891968
0.12097050994634628
0.16609187424182892
0.14173167943954468
0.24098391830921173
0.12940290570259094
0.2574741542339325
0.17488564550876617
0.26951393485069275
0.2221868932247162
0.16749414801597595
0.22959475219249725
0.17094260454177856
0.23195886611938477
0.15399374067783356
0.15570327639579773
0.17517873644828796
0.10611848533153534
0.2585103213787079
0.30414465069770813
0.17519736289978027
0.2843058109283447
0.12546730041503906
0.20616240799427032
0.11230562627315521
0.25644755363464355
0.22460034489631653
0.2195041924715042
0.2114800065755844
0.284847617149353
0.31749024987220764
0.23581868410110474
0.1678687483072281
0.23011332750320435
0.2177899181842804
0.19282498955726624
0.14655715227127075
0.16711987555027008
0.22480985522270203
0.28015536069869995
0.1667412668466568
0.24165531992912292
0.13714604079723358
0.2233368158340454
0.12182168662548065
0.14936766028404236
0.26088276505470276
0.21471920609474182
0.24030718207359314
0.2924785017967224
0.19101086258888245
0.12841729819774628
0.23283907771110535
0.12865965068340302
0.10011231899261475
0.23071688413619995
0.19958041608333588
0.1884913444519043
0.3067042827606201
0.19393514096736908
0.23992541432380676
0.17886482179164886
0.2021780163049698
0.17230184376239777
0.1561841517686844
0.13433989882469177
0.3226664066314697
0.1838832050561905
0.28009721636772156
0.29963409900665283
0.24264469742774963
0.11086296290159225
0.1608889102935791
0.26599422097206116
0.2262405902147293
0.22047722339630127
0.4287330210208893
0.23392638564109802
0.309928297996521
0.13235384225845337
0.26251327991485596
0.2047097086906433
0.27812787890434265
0.14216570556163788
0.26187801361083984
0.29400888085365295
0.2335919737815857
0.3380098342895508
0.18851597607135773
0.2582029700279236
0.20012608170509338
0.11609858274459839
0.1397911012172699
0.19081752002239227
0.22775955498218536
0.3897341787815094
0.16172106564044952
0.1647234559059143
0.2975512742996216
0.17512139678001404
0.15111398696899414
0.2638843357563019
0.17177391052246094
0.26631802320480347
0.22604678571224213
0.195984348654747
0.15336036682128906
0.2298709601163864
0.1997654289007187
0.153361976146698
0.1885642558336258
0.20171354711055756
0.26081326603889465
0.1397230476140976
0.15316437184810638
0.1494748294353485
0.2703082859516144
0.23541317880153656
0.3153512179851532
0.21981893479824066
0.23062831163406372
0.11666304618120193
0.21261729300022125
0.12205356359481812
0.15640920400619507
0.2890281677246094
0.20936648547649384
0.1977747678756714
0.22048096358776093
0.16301895678043365
0.2547094225883484
0.22154922783374786
0.168003112077713
0.18624259531497955
0.21518491208553314
0.2362672984600067
0.23059417307376862
0.1855582445859909
0.2610380947589874
0.20173954963684082
0.13954028487205505
0.2415059357881546
0.2366974651813507
0.2486187219619751
0.23064911365509033
0.24836669862270355
0.29617318511009216
0.18238981068134308
0.27655884623527527
0.2785088121891022
0.14552642405033112
0.26905757188796997
0.19710148870944977
0.22096817195415497
0.2421686351299286
0.17410415410995483
0.24902282655239105
0.18472172319889069
0.19961071014404297
0.3133178651332855
0.22055204212665558
0.2068142145872116
0.23298212885856628
0.1643037050962448
0.2504996061325073
0.21067602932453156
0.2972966432571411
0.2726636230945587
0.15490490198135376
0.2953461706638336
0.12531094253063202
0.2332838922739029
0.15531978011131287
0.2634693384170532
0.19266311824321747
0.2921876907348633
0.21684959530830383
0.1336131989955902
0.22874507308006287
0.1574476957321167
0.2836002707481384
0.2069246470928192
0.20755650103092194
0.19682395458221436
0.3502871096134186
0.17357097566127777
0.2306918054819107
0.16348321735858917
0.32216525077819824
0.13971084356307983
0.30314522981643677
0.2185218334197998
0.3782392144203186
0.3409838378429413
0.18934163451194763
0.17422990500926971
0.1378970593214035
0.21811532974243164
0.1445799469947815
0.2090737521648407
0.2874468266963959
0.2129470407962799
0.211734339594841
0.19071610271930695
0.2605310380458832
0.4035518765449524
0.17632237076759338
0.14865151047706604
0.31343966722488403
0.23775579035282135
0.16907799243927002
0.15269283950328827
0.2550225853919983
0.13648384809494019
0.2618265748023987
0.21577821671962738
0.34284839034080505
0.24650652706623077
0.21315333247184753
0.08585003018379211
0.21429674327373505
0.2534925639629364
0.20102933049201965
0.13012751936912537
0.2683432996273041
0.1549735963344574
0.16021738946437836
0.2106165885925293
0.13102087378501892
0.17545415461063385
0.1988205760717392
0.21595893800258636
0.15718914568424225
0.20713138580322266
0.15986190736293793
0.2283511906862259
0.14696478843688965
0.21742309629917145
0.31557321548461914
0.341935932636261
0.16570350527763367
0.20354163646697998
0.23093058168888092
0.18640846014022827
0.25312450528144836
0.27820298075675964
0.2425011247396469
0.16873648762702942
0.18265390396118164
0.13620227575302124
0.1727306991815567
0.12127713859081268
0.21087075769901276
0.18156041204929352
0.24716641008853912
0.13974910974502563
0.15955445170402527
0.24183893203735352
0.17772029340267181
0.31751033663749695
0.12222890555858612
0.10703932493925095
0.2879788875579834
0.26333919167518616
0.1677183359861374
0.1794101744890213
0.3458753526210785
0.15994682908058167
0.29271847009658813
0.23041000962257385
0.16827546060085297
0.26787635684013367
0.25614863634109497
0.20181094110012054
0.2079252302646637
0.11675602197647095
0.31175658106803894
0.2267073541879654
0.2324393391609192
0.24376001954078674
0.20561859011650085
0.26969262957572937
0.18808597326278687
0.24616950750350952
0.263948529958725
0.1645403802394867
0.15550851821899414
0.3127261698246002
0.15933683514595032
0.1829349249601364
0.14454446732997894
0.11802896857261658
0.36083170771598816
0.14856606721878052
0.18813110888004303
0.2593749463558197
0.1677527278661728
0.2436354011297226
0.1909048706293106
0.1366586983203888
0.15327653288841248
0.1865692138671875
0.16834920644760132
0.21193890273571014
0.1473226100206375
0.10054253041744232
0.36225515604019165
0.25250089168548584
0.27274131774902344
0.3374481499195099
0.14990653097629547
0.22797554731369019
0.18349501490592957
0.24906519055366516
0.18695609271526337
0.16652841866016388
0.19192850589752197
0.15984435379505157
0.15952348709106445
0.18347784876823425
0.2098052203655243
0.18320798873901367
0.15228378772735596
0.16959445178508759
0.24199968576431274
0.1826844960451126
0.2818421423435211
0.16903148591518402
0.20956705510616302
0.23199999332427979
0.2677125930786133
0.30874523520469666
0.14362865686416626
0.23591575026512146
0.2063148021697998
0.28179478645324707
0.11759423464536667
0.24357615411281586
0.25412118434906006
0.2321235090494156
0.1418735533952713
0.18303009867668152
0.10168471932411194
0.29173916578292847
0.23265452682971954
0.18927337229251862
0.13842907547950745
0.24362783133983612
0.21138601005077362
0.19688500463962555
0.18693798780441284
0.17845754325389862
0.15987923741340637
0.13165108859539032
0.22934474050998688
0.19824543595314026
0.12204701453447342
0.20934225618839264
0.13703709840774536
0.24926884472370148
0.22743530571460724
0.2224743664264679
0.21015851199626923
0.2131648063659668
0.23137550055980682
0.3257359266281128
0.2047610580921173
0.16532649099826813
0.21959508955478668
0.19021029770374298
0.15711846947669983
0.19970358908176422
0.2895006835460663
0.11165500432252884
0.22864043712615967
0.290546178817749
0.26027747988700867
0.13015961647033691
0.11315032839775085
0.2505528926849365
0.34360286593437195
0.14738963544368744
0.2664988338947296
0.1781528741121292
0.21603228151798248
0.26409992575645447
0.19598866999149323
0.18198898434638977
0.22456878423690796
0.22660155594348907
0.1597803831100464
0.17913588881492615
0.29782360792160034
0.21874257922172546
0.31375691294670105
0.17337560653686523
0.26146048307418823
0.15094926953315735
0.15338338911533356
0.28946736454963684
0.1925574541091919
0.28208139538764954
0.1523696631193161
0.29147353768348694
0.14204907417297363
0.15901558101177216
0.23391583561897278
0.15653224289417267
0.18094827234745026
0.16037841141223907
0.17655256390571594
0.20921069383621216
0.13944219052791595
0.40328171849250793
0.1289103925228119
0.23942260444164276
0.10152970254421234
0.26530012488365173
0.17274245619773865
0.2742637097835541
