0.129436194896698
0.20900170505046844
0.10742319375276566
0.17142944037914276
0.33189088106155396
0.1691974401473999
0.200590580701828
0.22824405133724213
0.19974114000797272
0.14583860337734222
0.23098930716514587
0.25612911581993103
0.17403912544250488
0.15492317080497742
0.14936630427837372
0.1219107061624527
0.30823132395744324
0.22645686566829681
0.19631020724773407
0.23998385667800903
0.20269203186035156
0.16888824105262756
0.2445860356092453
0.1814347207546234
0.21671536564826965
0.08602635562419891
0.18591178953647614
0.2019774466753006
0.17278757691383362
0.18417125940322876
0.20741543173789978
0.22856007516384125
0.3063727915287018
0.1368328034877777
0.21533174812793732
0.18262042105197906
0.3695305585861206
0.29195845127105713
0.1009550616145134
0.2961169183254242
0.2418099194765091
0.12164900451898575
0.19793333113193512
0.12598128616809845
0.2315630316734314
0.2164367139339447
0.26526251435279846
0.16224661469459534
0.2385377287864685
0.09763302654027939
0.14604465663433075
0.2659338712692261
0.21944697201251984
0.1430879533290863
0.23916254937648773
0.16532182693481445
0.17322993278503418
0.1554805189371109
0.26061105728149414
0.13314417004585266
0.15355081856250763
0.14173921942710876
0.14368435740470886
0.1428782045841217
0.2604522407054901
0.275119423866272
0.23660455644130707
0.23610301315784454
0.15440356731414795
0.10966865718364716
0.17900167405605316
0.17892909049987793
0.18294018507003784
0.1763814091682434
0.20412027835845947
0.21756306290626526
0.187217578291893
0.22222968935966492
0.15598298609256744
0.12651002407073975
0.23518913984298706
0.21179914474487305
0.22270511090755463
0.1817982792854309
0.20121604204177856
0.2136867195367813
0.21831217408180237
0.26832273602485657
0.18188618123531342
0.19393795728683472
0.33689507842063904
0.2599247992038727
0.17399844527244568
0.20890599489212036
0.2458357810974121
0.09954456984996796
0.151435986161232
0.15749207139015198
0.17172826826572418
0.1630125343799591
0.24616913497447968
0.22846710681915283
0.2130376547574997
0.16740722954273224
0.21411117911338806
0.23964378237724304
0.18716995418071747
0.17463719844818115
0.13545940816402435
0.2108580768108368
0.17156562209129333
0.22992141544818878
0.22678054869174957
0.21962778270244598
0.25466668605804443
0.20740580558776855
0.17264120280742645
0.20100818574428558
0.24080367386341095
0.20337170362472534
0.13154716789722443
0.2561299204826355
0.21719960868358612
0.200289785861969
0.20371760427951813
0.16501954197883606
0.29174554347991943
0.20893904566764832
0.23377501964569092
0.14623616635799408
0.29619070887565613
0.16716550290584564
0.16570350527763367
0.33956506848335266
0.3470882773399353
0.0792638286948204
0.15556864440441132
0.29317981004714966
0.2221606969833374
0.19314128160476685
0.26415547728538513
0.18401843309402466
0.1895896941423416
0.23517753183841705
0.23019714653491974
0.23069147765636444
0.27197110652923584
0.20743942260742188
0.11784906685352325
0.26327452063560486
0.1992739588022232
0.19144418835639954
0.1209472119808197
0.16568118333816528
0.24600867927074432
0.12652641534805298
0.1826942414045334
0.20188353955745697
0.31587907671928406
0.3097084164619446
0.10221148282289505
0.16568808257579803
0.22050239145755768
0.19324891269207
0.2139289528131485
0.22049576044082642
0.21035060286521912
0.15214785933494568
0.16421100497245789
0.13208091259002686
0.21748311817646027
0.1863134652376175
0.26097482442855835
0.20082955062389374
0.22018922865390778
0.1905396580696106
0.16665951907634735
0.31647706031799316
0.12912319600582123
0.19819171726703644
0.24389003217220306
0.38188380002975464
0.10851702094078064
0.15363895893096924
0.12217146903276443
0.21086271107196808
0.21541020274162292
0.14046427607536316
0.16065341234207153
0.16782324016094208
0.19223199784755707
0.2428293079137802
0.15964801609516144
0.1885167509317398
0.23103444278240204
0.16382253170013428
0.17211008071899414
0.23814430832862854
0.2970157861709595
0.2042333036661148
0.09905493259429932
0.21603268384933472
0.23577286303043365
0.19209261238574982
0.21071363985538483
0.27383312582969666
0.19322434067726135
0.2780790328979492
0.1845337450504303
0.19485032558441162
0.2226628065109253
0.21095730364322662
0.19799673557281494
0.2426149696111679
0.18425613641738892
0.23856516182422638
0.24028660356998444
0.18212296068668365
0.1637226939201355
0.20578640699386597
0.1860359013080597
0.17049430310726166
0.2389238476753235
0.16814909875392914
0.3318423330783844
0.2212638407945633
0.2030314952135086
0.19446392357349396
0.15708203613758087
0.2587769329547882
0.18793955445289612
0.298378586769104
0.20729689300060272
0.3040315806865692
0.15347857773303986
0.26668885350227356
0.17612116038799286
0.11581077426671982
0.17259879410266876
0.15196582674980164
0.12624920904636383
0.1423545926809311
0.19270072877407074
0.1758764684200287
0.0897546038031578
0.2041488140821457
0.2207745909690857
0.20894180238246918
0.19835785031318665
0.28382396697998047
0.3060433566570282
0.22284173965454102
0.3174884021282196
0.14242373406887054
0.15668877959251404
0.15306733548641205
0.25992169976234436
0.19239287078380585
0.12001147121191025
0.14475145936012268
0.30011263489723206
0.14143286645412445
0.1784220039844513
0.27429521083831787
0.26383262872695923
0.17317163944244385
0.13880831003189087
0.16093921661376953
0.2456025630235672
0.21702510118484497
0.22285255789756775
0.2761632800102234
0.21119916439056396
0.22011426091194153
0.16494524478912354
0.23963722586631775
0.18954525887966156
0.23997268080711365
0.15948644280433655
0.16938990354537964
0.28091686964035034
0.27047115564346313
0.1390748918056488
0.13219840824604034
0.17643065750598907
0.14156056940555573
0.2797388732433319
0.2948545217514038
0.19731616973876953
0.13457049429416656
0.1894482523202896
0.1863030046224594
0.18166722357273102
0.1544824242591858
0.18349313735961914
0.1525583416223526
0.19858418405056
0.22160594165325165
0.2591192126274109
0.15033631026744843
0.23817525804042816
0.1501264125108719
0.18269455432891846
0.22812439501285553
0.2399592101573944
0.09861087054014206
0.12708798050880432
0.21014192700386047
0.2704414427280426
0.2597198188304901
0.12107712030410767
0.16251416504383087
0.16609160602092743
0.19119621813297272
0.24971342086791992
0.38278645277023315
0.25045183300971985
0.1748698353767395
0.27472713589668274
0.2348380982875824
0.1429072767496109
0.26556259393692017
0.1362665295600891
0.16743534803390503
0.222428098320961
0.13952884078025818
0.1555299311876297
0.23942433297634125
0.2063664048910141
0.2529059648513794
0.3335573375225067
0.1644778549671173
0.20631298422813416
0.21812579035758972
0.11272256076335907
0.33715301752090454
0.1866803765296936
0.20243610441684723
0.20180334150791168
0.18753351271152496
0.27232107520103455
0.26467350125312805
0.24421195685863495
0.1851794421672821
0.15010561048984528
0.22719386219978333
0.18245059251785278
0.12695831060409546
0.3013862371444702
0.2634187936782837
0.1629188507795334
0.25682559609413147
0.1930723637342453
0.22985123097896576
0.18067830801010132
0.261209100484848
0.234784796833992
0.1941920667886734
0.2250807136297226
0.22475360333919525
0.27250468730926514
0.21683652698993683
0.2444547712802887
0.19605419039726257
0.13089042901992798
0.2993929088115692
0.19357292354106903
0.1260625720024109
0.27431151270866394
0.25371283292770386
0.14716318249702454
0.28103774785995483
0.35170668363571167
0.1308908313512802
0.23801429569721222
0.158145010471344
0.12072377651929855
0.19955340027809143
0.18247924745082855
0.2164812684059143
0.2173072099685669
0.2291116863489151
0.18744707107543945
0.23652231693267822
0.19382281601428986
0.19686229526996613
0.16663502156734467
0.24762506783008575
0.2289399951696396
0.21646669507026672
0.29979243874549866
0.16382183134555817
0.24900436401367188
0.14732329547405243
0.16778360307216644
0.21640487015247345
0.19944557547569275
0.3073402941226959
0.20109957456588745
0.22804288566112518
0.2921149730682373
0.27755603194236755
0.19101445376873016
0.31651628017425537
0.16193893551826477
0.1752983182668686
0.2977217733860016
0.20039981603622437
0.17995667457580566
0.3406495749950409
0.13148242235183716
0.13059836626052856
0.1769857257604599
0.15747874975204468
0.15075896680355072
0.2626267373561859
0.209548220038414
0.23660336434841156
0.28082898259162903
0.2633461058139801
0.18682298064231873
0.18806645274162292
0.20816142857074738
0.3692622482776642
0.2672737240791321
0.2505338490009308
0.29684144258499146
0.21496395766735077
0.26217326521873474
0.22134697437286377
0.1343320608139038
0.13049258291721344
0.2006901055574417
0.2759644687175751
0.14231735467910767
0.23560480773448944
0.23668396472930908
0.1886577159166336
0.18730603158473969
0.23489534854888916
0.18221287429332733
0.2357931286096573
0.1954561173915863
0.25121939182281494
0.2011408507823944
0.2694425582885742
0.19941020011901855
0.26231446862220764
0.21003852784633636
0.20616786181926727
0.31789886951446533
0.1842218041419983
0.1807868778705597
0.1258394867181778
0.16108380258083344
0.2730446755886078
0.14749009907245636
0.27988287806510925
0.1814633011817932
0.23829081654548645
0.2555464506149292
0.12045939266681671
0.11738520115613937
0.21669049561023712
0.23983412981033325
0.24281854927539825
0.2344176024198532
0.2138262242078781
0.12459860742092133
0.204605832695961
0.2688542306423187
0.24674056470394135
0.2967860996723175
0.13284794986248016
0.16401362419128418
0.23802612721920013
0.26635268330574036
0.19811443984508514
0.14512395858764648
0.186065673828125
0.19233927130699158
0.2128371149301529
0.16903160512447357
0.2840125858783722
0.2248692363500595
0.10963001102209091
0.28730812668800354
0.1902334988117218
0.21383962035179138
0.14581355452537537
0.26794755458831787
0.22486834228038788
0.21725133061408997
0.17330950498580933
0.14833097159862518
0.19325818121433258
0.11192110925912857
0.24377955496311188
0.18377099931240082
0.38525012135505676
0.20588897168636322
0.3181588351726532
0.14464090764522552
0.287771999835968
0.21006593108177185
0.2594326138496399
