0.18464329838752747
0.21599046885967255
0.22797511518001556
0.29033660888671875
0.17157261073589325
0.21442708373069763
0.2999277412891388
0.1390785425901413
0.2956450283527374
0.2018018662929535
0.1513061225414276
0.18067945539951324
0.24918009340763092
0.21768322587013245
0.23025958240032196
0.2376711517572403
0.14628027379512787
0.20016558468341827
0.18563620746135712
0.3035990595817566
0.1676725596189499
0.17773836851119995
0.19199462234973907
0.22261954843997955
0.17303553223609924
0.2756620943546295
0.2440773993730545
0.1789223551750183
0.2570810317993164
0.3433513939380646
0.23550651967525482
0.1585417240858078
0.1565021574497223
0.2105344980955124
0.22460393607616425
0.18314015865325928
0.12589868903160095
0.28078144788742065
0.25171229243278503
0.1454574316740036
0.3695959448814392
0.09806913882493973
0.1475951224565506
0.15495547652244568
0.20830099284648895
0.2661605179309845
0.22749793529510498
0.13408754765987396
0.18191111087799072
0.1955002099275589
0.22428840398788452
0.16608694195747375
0.1348770707845688
0.16458064317703247
0.11658965796232224
0.1444976031780243
0.21373338997364044
0.2540951073169708
0.17151126265525818
0.30915090441703796
0.22155995666980743
0.12125962227582932
0.1417253315448761
0.21660271286964417
0.22735105454921722
0.09853297472000122
0.13402576744556427
0.23766914010047913
0.12337595969438553
0.28309813141822815
0.1914595514535904
0.208001971244812
0.273210734128952
0.1938452124595642
0.1795758306980133
0.09831175208091736
0.1968681812286377
0.27114978432655334
0.4030170142650604
0.14343690872192383
0.22207196056842804
0.25660133361816406
0.303540974855423
0.24434448778629303
0.3400535583496094
0.18000541627407074
0.13565899431705475
0.10693308711051941
0.20718465745449066
0.17451873421669006
0.16494061052799225
0.08432634174823761
0.113319031894207
0.1692308634519577
0.15248310565948486
0.2783719301223755
0.10204578191041946
0.16990260779857635
0.16037492454051971
0.3138265311717987
0.17273695766925812
0.28705596923828125
0.2715670168399811
0.19524894654750824
0.25339189171791077
0.19545723497867584
0.2047392725944519
0.17520549893379211
0.2767094075679779
0.20441854000091553
0.12979917228221893
0.17936763167381287
0.172834575176239
0.13655433058738708
0.2802228033542633
0.15004119277000427
0.19355382025241852
0.21712514758110046
0.152025505900383
0.22011443972587585
0.19757355749607086
0.20610660314559937
0.21259571611881256
0.1429121494293213
0.18963214755058289
0.18347197771072388
0.2561381161212921
0.24085421860218048
0.2326270490884781
0.38209837675094604
0.22115649282932281
0.1494990438222885
0.3232741355895996
0.15196651220321655
0.1472664326429367
0.16094088554382324
0.2784838378429413
0.16357092559337616
0.2721976935863495
0.24958668649196625
0.1618189513683319
0.14763805270195007
0.1304822862148285
0.29777246713638306
0.19318822026252747
0.21805885434150696
0.32716062664985657
0.27530229091644287
0.1396542489528656
0.17750336229801178
0.2767435908317566
0.27941206097602844
0.2055778056383133
0.18761153519153595
0.16326342523097992
0.1496821641921997
0.22514425218105316
0.16687293350696564
0.1943928450345993
0.17655912041664124
0.2543179988861084
0.23205101490020752
0.2566539943218231
0.2601071298122406
0.1598082035779953
0.22882062196731567
0.24842071533203125
0.1933278739452362
0.1930294632911682
0.16246962547302246
0.1912974864244461
0.2053455263376236
0.2598643898963928
0.2375635802745819
0.2621811330318451
0.26814600825309753
0.287353515625
0.19634684920310974
0.16552895307540894
0.219417005777359
0.11840362846851349
0.18582472205162048
0.25437429547309875
0.2397739738225937
0.2318989634513855
0.2501867115497589
0.20500071346759796
0.16107450425624847
0.11374838650226593
0.17706137895584106
0.26632240414619446
0.2176286280155182
0.22690755128860474
0.16495968401432037
0.2111210823059082
0.2229837030172348
0.21183227002620697
0.21434496343135834
0.23516720533370972
0.23593050241470337
0.0990748181939125
0.27429479360580444
0.1292562484741211
0.1819479912519455
0.15655067563056946
0.19551676511764526
0.19978293776512146
0.2086537778377533
0.24513378739356995
0.22340518236160278
0.2362198829650879
0.14591719210147858
0.27427545189857483
0.16325800120830536
0.2003520131111145
0.30129459500312805
0.26543691754341125
0.09787526726722717
0.20645855367183685
0.14025986194610596
0.2148670256137848
0.183303102850914
0.21639388799667358
0.15712092816829681
0.24276550114154816
0.11142228543758392
0.21095585823059082
0.18658801913261414
0.24787572026252747
0.2723841965198517
0.22194544970989227
0.19835501909255981
0.2558605670928955
0.27662262320518494
0.1743125170469284
0.2905780076980591
0.24341651797294617
0.317361444234848
0.17472414672374725
0.32048848271369934
0.1321929544210434
0.19749940931797028
0.1765783429145813
0.208024263381958
0.22746366262435913
0.1615736335515976
0.21647964417934418
0.206086203455925
0.24105727672576904
0.2786704897880554
0.22511856257915497
0.15288369357585907
0.19177593290805817
0.20995895564556122
0.1768956333398819
0.2714030146598816
0.21189136803150177
0.24558787047863007
0.17148074507713318
0.21128521859645844
0.2361980676651001
0.18836964666843414
0.24947534501552582
0.22924283146858215
0.22123807668685913
0.16553239524364471
0.16595719754695892
0.13339576125144958
0.3154575228691101
0.26285266876220703
0.15583986043930054
0.1808382123708725
0.24082916975021362
0.1309261918067932
0.19202794134616852
0.20951497554779053
0.22867220640182495
0.1437753289937973
0.33337777853012085
0.24399523437023163
0.20076176524162292
0.168783500790596
0.16962480545043945
0.24144381284713745
0.27200111746788025
0.3488280177116394
0.23716041445732117
0.19918906688690186
0.18607528507709503
0.14715075492858887
0.19171494245529175
0.20644162595272064
0.2097853273153305
0.2806883454322815
0.2556685209274292
0.29354172945022583
0.15797047317028046
0.24657376110553741
0.18738403916358948
0.26094168424606323
0.26000702381134033
0.21277673542499542
0.1280898153781891
0.1780528575181961
0.13341571390628815
0.11341650784015656
0.21197888255119324
0.25808286666870117
0.28146231174468994
0.1578626036643982
0.17359964549541473
0.1534830927848816
0.21249490976333618
0.180721253156662
0.1771807074546814
0.2162075787782669
0.18251579999923706
0.2234828919172287
0.29432249069213867
0.25593677163124084
0.1489378809928894
0.2054557055234909
0.23035196959972382
0.19009767472743988
0.41238221526145935
0.23506081104278564
0.19590231776237488
0.22048182785511017
0.23694483935832977
0.2030339241027832
0.13725633919239044
0.16455091536045074
0.0853070616722107
0.2155638188123703
0.18079246580600739
0.3869298994541168
0.19538015127182007
0.1586175560951233
0.1263304501771927
0.10025032609701157
0.17487487196922302
0.14784853160381317
0.1828078031539917
0.17124900221824646
0.2238077074289322
0.22783337533473969
0.2508072555065155
0.21258580684661865
0.17391885817050934
0.2527233958244324
0.220566987991333
0.18652166426181793
0.217112198472023
0.22235049307346344
0.19028910994529724
0.1447392702102661
0.18562157452106476
0.1939259171485901
0.21056543290615082
0.24591442942619324
0.18853768706321716
0.09672339260578156
0.24862274527549744
0.14755699038505554
0.18072417378425598
0.1477256864309311
0.20143279433250427
0.21439437568187714
0.22626905143260956
0.13340018689632416
0.12499730288982391
0.20271562039852142
0.34835514426231384
0.2019919604063034
0.19875292479991913
0.21637588739395142
0.30341723561286926
0.1236025020480156
0.2285686731338501
0.19387584924697876
0.18799863755702972
0.18844063580036163
0.16893070936203003
0.23064862191677094
0.19951972365379333
0.19489724934101105
0.1529257446527481
0.19744183123111725
0.2920651137828827
0.20681115984916687
0.21245267987251282
0.20557300746440887
0.1714855134487152
0.334385484457016
0.19345106184482574
0.14089633524417877
0.19159972667694092
0.30346909165382385
0.21427401900291443
0.21182243525981903
0.25554150342941284
0.21765851974487305
0.23592808842658997
0.24925556778907776
0.20633883774280548
0.16019141674041748
0.31760385632514954
0.21915018558502197
0.2724211513996124
0.22167105972766876
0.24624158442020416
0.3232394754886627
0.15194012224674225
0.20911334455013275
0.17737916111946106
0.2625117897987366
0.16248583793640137
0.25286081433296204
0.1946290284395218
0.20033112168312073
0.13236771523952484
0.2182638794183731
0.20374734699726105
0.24860839545726776
0.19641919434070587
0.22563718259334564
0.3045937120914459
0.17798195779323578
0.13984021544456482
0.22033582627773285
0.22647246718406677
0.24247154593467712
0.11169379949569702
0.27250921726226807
0.24690571427345276
0.17966094613075256
0.17235583066940308
0.28435736894607544
0.15002383291721344
0.2525094151496887
0.1471494436264038
0.23608164489269257
0.3078102767467499
0.27333158254623413
0.20255447924137115
0.2047027200460434
0.18551218509674072
0.18025635182857513
0.22206395864486694
0.19845585525035858
0.13962368667125702
0.3154423236846924
0.1379491239786148
0.27356094121932983
0.22730927169322968
0.1560533344745636
0.27031856775283813
0.21245017647743225
0.13249307870864868
0.18398748338222504
0.14144259691238403
0.2818915545940399
0.1686079204082489
0.3215034604072571
0.12179610878229141
0.2605985701084137
0.16568829119205475
0.23683451116085052
0.10936930030584335
0.2485376000404358
0.1594596654176712
0.23687110841274261
0.22632530331611633
0.16940425336360931
0.2363012135028839
0.19501100480556488
0.16251561045646667
0.26261982321739197
0.23427872359752655
0.15627099573612213
0.24959099292755127
0.1464771330356598
0.20366314053535461
0.22494858503341675
0.18568730354309082
0.17637915909290314
0.13986597955226898
0.21162770688533783
0.25621962547302246
0.2367803454399109
0.22494563460350037
0.21229690313339233
0.20516337454319
0.1450323462486267
0.1871350109577179
0.26141002774238586
0.17661038041114807
0.2532069981098175
0.2669956088066101
0.2313736230134964
0.17689834535121918
0.19041715562343597
0.15128253400325775
0.19399574398994446
0.1550065129995346
0.30699747800827026
