0.20708079636096954
0.23016566038131714
0.12659159302711487
0.21791018545627594
0.30766281485557556
0.160294309258461
0.25531309843063354
0.2778262197971344
0.2714817523956299
0.2187299132347107
0.3270591199398041
0.20007115602493286
0.2579168677330017
0.12378916144371033
0.21936312317848206
0.191390261054039
0.2272433191537857
0.26956719160079956
0.24782653152942657
0.15154889225959778
0.1916092336177826
0.2010740041732788
0.2297520488500595
0.21439041197299957
0.1260203719139099
0.16559849679470062
0.27750319242477417
0.15642115473747253
0.3054262399673462
0.15937621891498566
0.1852056384086609
0.2031785547733307
0.16427144408226013
0.286356121301651
0.17752748727798462
0.18747390806674957
0.2228572517633438
0.2939179837703705
0.20641981065273285
0.11277425289154053
0.23304741084575653
0.14343427121639252
0.2761225700378418
0.24515990912914276
0.23919647932052612
0.1480124592781067
0.181602343916893
0.21378372609615326
0.18557102978229523
0.1789049655199051
0.21002112329006195
0.1914847493171692
0.20141510665416718
0.14419542253017426
0.2703935503959656
0.1397896558046341
0.25381845235824585
0.26242193579673767
0.17971132695674896
0.14312714338302612
0.27346375584602356
0.11553793400526047
0.19755513966083527
0.1708657294511795
0.34593263268470764
0.14452099800109863
0.24676592648029327
0.2836863398551941
0.3190305829048157
0.22889328002929688
0.1684654951095581
0.30682939291000366
0.22828249633312225
0.17234353721141815
0.17080675065517426
0.23884615302085876
0.18401069939136505
0.23131713271141052
0.14851132035255432
0.2835842967033386
0.19516228139400482
0.2753157317638397
0.1659366935491562
0.24049964547157288
0.20224902033805847
0.1720108985900879
0.1068119928240776
0.2604829668998718
0.22353927791118622
0.2206251472234726
0.16868364810943604
0.2078295350074768
0.09773487597703934
0.21505869925022125
0.2573588192462921
0.1906442493200302
0.2229194939136505
0.2903178930282593
0.08451207727193832
0.15508310496807098
0.17306679487228394
0.21523882448673248
0.1645345836877823
0.20745697617530823
0.18203911185264587
0.23033563792705536
0.2029232531785965
0.22822919487953186
0.21232014894485474
0.26953279972076416
0.20342613756656647
0.21782132983207703
0.30695146322250366
0.20385386049747467
0.1939905732870102
0.24915921688079834
0.17588861286640167
0.2694995701313019
0.18029238283634186
0.2421923130750656
0.185169517993927
0.17609913647174835
0.2466241419315338
0.15259218215942383
0.18211784958839417
0.18985076248645782
0.18967746198177338
0.2549925148487091
0.18727059662342072
0.20810426771640778
0.13410715758800507
0.2218015342950821
0.19038395583629608
0.22759658098220825
0.2175188511610031
0.17280296981334686
0.16050472855567932
0.1349640190601349
0.22963689267635345
0.16629260778427124
0.1283799707889557
0.16376622021198273
0.24569165706634521
0.28007742762565613
0.36897286772727966
0.16726407408714294
0.1499372273683548
0.22376810014247894
0.20258796215057373
0.17303967475891113
0.2552455961704254
0.20459017157554626
0.25253021717071533
0.2231328785419464
0.2876266539096832
0.2656807601451874
0.12009132653474808
0.13804729282855988
0.1844494640827179
0.1593046635389328
0.2145947962999344
0.18518897891044617
0.15480829775333405
0.26607295870780945
0.20138196647167206
0.23324163258075714
0.2334296852350235
0.14420931041240692
0.271388441324234
0.13540120422840118
0.1491580456495285
0.2863911986351013
0.24792373180389404
0.16632682085037231
0.1570294201374054
0.11231765896081924
0.23071753978729248
0.21623870730400085
0.14461326599121094
0.13107743859291077
0.18658919632434845
0.21586155891418457
0.20432619750499725
0.12872697412967682
0.15579353272914886
0.12672947347164154
0.13153529167175293
0.23825806379318237
0.25513172149658203
0.2417648583650589
0.13046403229236603
0.2811758816242218
0.3686421513557434
0.19780677556991577
0.1241813376545906
0.18373797833919525
0.1601739227771759
0.2550337612628937
0.20035241544246674
0.24721699953079224
0.20677711069583893
0.2644602358341217
0.1860433667898178
0.3007592558860779
0.19852089881896973
0.24998384714126587
0.22733598947525024
0.19233758747577667
0.23176422715187073
0.21610206365585327
0.2927522361278534
0.13369278609752655
0.22574803233146667
0.3006378710269928
0.2043580859899521
0.1689920723438263
0.2126273661851883
0.13661539554595947
0.19577421247959137
0.1859889030456543
0.21671630442142487
0.2107877880334854
0.2641073167324066
0.24442341923713684
0.23722270131111145
0.205206960439682
0.26491430401802063
0.13852591812610626
0.32569217681884766
0.18318438529968262
0.3090871572494507
0.17858582735061646
0.18584847450256348
0.19602034986019135
0.3117680847644806
0.17112970352172852
0.19678492844104767
0.18256673216819763
0.18071803450584412
0.25570428371429443
0.1877584159374237
0.21470606327056885
0.25074854493141174
0.24645715951919556
0.2691996991634369
0.20545876026153564
0.20541125535964966
0.2095053344964981
0.27101707458496094
0.20179782807826996
0.11187785118818283
0.2571257948875427
0.23136138916015625
0.209849551320076
0.28052401542663574
0.3259833753108978
0.21616317331790924
0.18319223821163177
0.20756393671035767
0.20324790477752686
0.20705795288085938
0.19986557960510254
0.18781405687332153
0.08546772599220276
0.229017972946167
0.26120495796203613
0.2557021379470825
0.21570976078510284
0.17850127816200256
0.21658363938331604
0.17006219923496246
0.1958083212375641
0.20361244678497314
0.13380472362041473
0.25462332367897034
0.1237303763628006
0.2312920093536377
0.18026165664196014
0.16961513459682465
0.32060128450393677
0.21225842833518982
0.3304414749145508
0.20481815934181213
0.2803342342376709
0.2899932265281677
0.2174849659204483
0.17076832056045532
0.12773457169532776
0.12912391126155853
0.2053726464509964
0.23838569223880768
0.23425351083278656
0.2789505422115326
0.31819021701812744
0.23956356942653656
0.28988784551620483
0.189883753657341
0.2592647075653076
0.21695870161056519
0.2492711842060089
0.2768344581127167
0.16486768424510956
0.21457059681415558
0.19434036314487457
0.25774773955345154
0.157420814037323
0.16768555343151093
0.17638742923736572
0.2245207279920578
0.2708503305912018
0.2584068775177002
0.14929457008838654
0.23396725952625275
0.28559476137161255
0.13217784464359283
0.13413475453853607
0.1519184410572052
0.11738845705986023
0.25440713763237
0.20788416266441345
0.2373058795928955
0.22016578912734985
0.23847821354866028
0.18887004256248474
0.23520998656749725
0.2753329873085022
0.13014917075634003
0.22904154658317566
0.08757933229207993
0.23898988962173462
0.2873302102088928
0.19330492615699768
0.13970738649368286
0.1988661140203476
0.23245961964130402
0.20392507314682007
0.18712016940116882
0.21958696842193604
0.12723799049854279
0.25004127621650696
0.20717963576316833
0.12552902102470398
0.30269578099250793
0.17508405447006226
0.11699704825878143
0.3445931673049927
0.22080886363983154
0.1455460637807846
0.16421419382095337
0.15626288950443268
0.2698037326335907
0.19806182384490967
0.17711375653743744
0.22521620988845825
0.22286619246006012
0.2303437739610672
0.17198054492473602
0.168456569314003
0.16350243985652924
0.3376398980617523
0.32065191864967346
0.2159227728843689
0.20670020580291748
0.1949702501296997
0.21580195426940918
0.17429643869400024
0.19762775301933289
0.17976625263690948
0.19110068678855896
0.23539891839027405
0.138032466173172
0.25565364956855774
0.21800804138183594
0.16704745590686798
0.19111333787441254
0.3900219798088074
0.33254095911979675
0.264566570520401
0.18161629140377045
0.19148865342140198
0.2705495059490204
0.1637636423110962
0.19837401807308197
0.316645085811615
0.19413205981254578
0.27946794033050537
0.1975698322057724
0.2735953629016876
0.2782873213291168
0.20688071846961975
0.26885339617729187
0.20315948128700256
0.2762216627597809
0.27875202894210815
0.25479283928871155
0.20680613815784454
0.13225257396697998
0.15601322054862976
0.19450156390666962
0.18111257255077362
0.12339800596237183
0.16556715965270996
0.26523253321647644
0.2389582246541977
0.2222602367401123
0.1964596062898636
0.19411629438400269
0.2578851282596588
0.22206449508666992
0.25962525606155396
0.2739742696285248
0.19064970314502716
0.21315206587314606
0.17445027828216553
0.21983034908771515
0.3472047746181488
0.2853323519229889
0.2605605125427246
0.2439597100019455
0.21159596741199493
0.19679275155067444
0.21909552812576294
0.23454314470291138
0.24276494979858398
0.20750896632671356
0.22878611087799072
0.15969803929328918
0.2593570947647095
0.29318398237228394
0.10644329339265823
0.30506592988967896
0.19965621829032898
0.19696325063705444
0.19731058180332184
0.11366835236549377
0.15363359451293945
0.1708054095506668
0.17625631392002106
0.40169158577919006
0.21018682420253754
0.2103205770254135
0.16959942877292633
0.23825818300247192
0.2365015596151352
0.18733946979045868
0.16305118799209595
0.24632522463798523
0.13890644907951355
0.2775411903858185
0.27729007601737976
0.227179616689682
0.2760654091835022
0.24071131646633148
0.21316616237163544
0.2731323838233948
0.23985280096530914
0.18677611649036407
0.19348235428333282
0.4237968921661377
0.1807011216878891
0.2188328057527542
0.1819804161787033
0.20279045403003693
0.13025157153606415
0.18217524886131287
0.17276602983474731
0.19961512088775635
0.20422615110874176
0.24764837324619293
0.21143655478954315
0.19483759999275208
0.2391127496957779
0.12873034179210663
0.2806549370288849
0.16282297670841217
0.22585220634937286
0.24367684125900269
0.14185795187950134
0.1689918488264084
0.20364470779895782
0.2277410626411438
0.1934909224510193
0.2160015106201172
0.14709708094596863
0.16007357835769653
0.27661949396133423
0.13193883001804352
0.1895640641450882
0.20498812198638916
0.24538442492485046
0.23455721139907837
0.18480250239372253
0.2114257961511612
0.2421310395002365
0.22169871628284454
0.23843073844909668
0.19277095794677734
0.15412165224552155
0.11514251679182053
0.2300494909286499
0.1505485326051712
0.14806236326694489
0.19500580430030823
0.1199541762471199
0.1690412312746048
0.18047048151493073
