0.182057723402977
0.2205282598733902
0.1480412632226944
0.13070884346961975
0.2114396095275879
0.12741617858409882
0.18983203172683716
0.15067480504512787
0.23069697618484497
0.22687624394893646
0.14722606539726257
0.20565705001354218
0.1968299150466919
0.2710084021091461
0.19718289375305176
0.27767375111579895
0.3129594027996063
0.24641656875610352
0.21935683488845825
0.15701672434806824
0.2121201902627945
0.21330538392066956
0.17491883039474487
0.20610009133815765
0.11227938532829285
0.2706623375415802
0.14692817628383636
0.2048943191766739
0.18170411884784698
0.17414496839046478
0.1931881606578827
0.20812176167964935
0.15378381311893463
0.18688325583934784
0.1954987645149231
0.15594668686389923
0.2341650426387787
0.2240743786096573
0.13526521623134613
0.29807013273239136
0.22176425158977509
0.19285544753074646
0.2673760652542114
0.18603678047657013
0.16966304183006287
0.19699154794216156
0.16902542114257812
0.24661709368228912
0.3139081299304962
0.22884857654571533
0.25672611594200134
0.17549701035022736
0.3580929636955261
0.18895064294338226
0.2034052163362503
0.21154138445854187
0.13836334645748138
0.1065453439950943
0.21866734325885773
0.2070009857416153
0.26228466629981995
0.19922935962677002
0.22137483954429626
0.218916118144989
0.20279790461063385
0.23891963064670563
0.29204386472702026
0.3397827744483948
0.2173517644405365
0.1933824121952057
0.12304017692804337
0.12576740980148315
0.21870343387126923
0.2534695863723755
0.20857051014900208
0.3011784255504608
0.194269061088562
0.20189258456230164
0.1862451285123825
0.20122818648815155
0.1959267109632492
0.20959940552711487
0.1890476793050766
0.29809319972991943
0.19597525894641876
0.1731746345758438
0.13618585467338562
0.15533462166786194
0.4184134304523468
0.16100268065929413
0.24130454659461975
0.17133809626102448
0.2421407550573349
0.13567540049552917
0.22041109204292297
0.24519388377666473
0.1532839983701706
0.2240138202905655
0.1326681524515152
0.25108569860458374
0.23781415820121765
0.2347380518913269
0.26709261536598206
0.13461318612098694
0.20864270627498627
0.1802147924900055
0.10062461346387863
0.11735059320926666
0.1760445088148117
0.2810550332069397
0.18718712031841278
0.2561819851398468
0.12426541745662689
0.15813347697257996
0.16139191389083862
0.26230496168136597
0.18219392001628876
0.3065899610519409
0.2369840443134308
0.24255625903606415
0.11260520666837692
0.1765308380126953
0.2199394702911377
0.22631241381168365
0.2510388493537903
0.14400246739387512
0.19187530875205994
0.13589638471603394
0.09662723541259766
0.16031913459300995
0.24237790703773499
0.21764828264713287
0.2424531877040863
0.17286165058612823
0.3017321228981018
0.2453123927116394
0.1364017277956009
0.2997995913028717
0.24740831553936005
0.3053765296936035
0.09887945652008057
0.2560898959636688
0.19431014358997345
0.1820058822631836
0.3226340115070343
0.11323167383670807
0.2386113554239273
0.1726168692111969
0.262942373752594
0.2605220377445221
0.2623567581176758
0.1485888659954071
0.23456178605556488
0.318717360496521
0.17718973755836487
0.12208312004804611
0.1809307038784027
0.19794632494449615
0.20736996829509735
0.11415958404541016
0.12631790339946747
0.21262218058109283
0.22790081799030304
0.23077569901943207
0.20154321193695068
0.14350491762161255
0.18555699288845062
0.2498747557401657
0.3227809965610504
0.2327972948551178
0.14747749269008636
0.167218878865242
0.23988328874111176
0.17119143903255463
0.24637624621391296
0.20475329458713531
0.2944379150867462
0.16659905016422272
0.18900583684444427
0.24516430497169495
0.14616605639457703
0.20111702382564545
0.24478909373283386
0.16577239334583282
0.1493186354637146
0.17141684889793396
0.21840354800224304
0.24893760681152344
0.23794443905353546
0.32429030537605286
0.18739794194698334
0.25650712847709656
0.12499314546585083
0.17089664936065674
0.2577109634876251
0.1150180846452713
0.1932132989168167
0.23277124762535095
0.22752639651298523
0.20060178637504578
0.23827114701271057
0.2157515436410904
0.24248921871185303
0.22396595776081085
0.3262970745563507
0.23805855214595795
0.15056085586547852
0.2900443375110626
0.19261105358600616
0.19162143766880035
0.17068761587142944
0.19176314771175385
0.25154754519462585
0.19253195822238922
0.1949530839920044
0.12557944655418396
0.30736929178237915
0.14441950619220734
0.21306860446929932
0.26673623919487
0.21868903934955597
0.2784956991672516
0.2714442312717438
0.35293540358543396
0.22628909349441528
0.2571706771850586
0.24583274126052856
0.2032790184020996
0.24423319101333618
0.24506200850009918
0.16710814833641052
0.3489045202732086
0.2596277892589569
0.2920505106449127
0.17449238896369934
0.17276296019554138
0.30310794711112976
0.2547827661037445
0.1627298891544342
0.27594804763793945
0.2018372118473053
0.328267365694046
0.16252627968788147
0.29886144399642944
0.23454904556274414
0.1899491399526596
0.1123938336968422
0.1902119666337967
0.1742153912782669
0.251548171043396
0.09676974266767502
0.19342811405658722
0.17025691270828247
0.20234598219394684
0.225410595536232
0.17484571039676666
0.13660365343093872
0.22739587724208832
0.23065146803855896
0.23033995926380157
0.20756098628044128
0.31981897354125977
0.29935768246650696
0.15982846915721893
0.25736749172210693
0.2401150017976761
0.13227061927318573
0.20425134897232056
0.19433994591236115
0.3498706519603729
0.11324798315763474
0.18037237226963043
0.21676768362522125
0.1800357550382614
0.16344928741455078
0.1855688989162445
0.20944318175315857
0.262370765209198
0.30921971797943115
0.23904164135456085
0.11325810849666595
0.23357412219047546
0.15313196182250977
0.10085184127092361
0.1519044041633606
0.13993608951568604
0.33995798230171204
0.204342320561409
0.14429856836795807
0.23250651359558105
0.1899193823337555
0.16030451655387878
0.22284355759620667
0.186686709523201
0.27185848355293274
0.23398204147815704
0.17316192388534546
0.244273379445076
0.2437257170677185
0.2879425883293152
0.30789175629615784
0.2680128514766693
0.1905878633260727
0.23722173273563385
0.19814272224903107
0.13580241799354553
0.23558494448661804
0.214241161942482
0.18376107513904572
0.17678125202655792
0.24080790579319
0.17368657886981964
0.17987556755542755
0.2387978583574295
0.14172878861427307
0.1561335325241089
0.17285779118537903
0.12840132415294647
0.2099638134241104
0.2086852490901947
0.18994274735450745
0.22253522276878357
0.21775446832180023
0.27347373962402344
0.2838248610496521
0.10638504475355148
0.1974773108959198
0.16452565789222717
0.16463597118854523
0.12763461470603943
0.20608055591583252
0.20435912907123566
0.13976144790649414
0.22133168578147888
0.16071021556854248
0.30833548307418823
0.19389919936656952
0.19467656314373016
0.19065266847610474
0.18141673505306244
0.20037724077701569
0.14649060368537903
0.22158211469650269
0.1889697164297104
0.3482949435710907
0.23334600031375885
0.22422413527965546
0.2138788402080536
0.16513565182685852
0.19054728746414185
0.16964887082576752
0.2720450162887573
0.26037633419036865
0.20229271054267883
0.22643046081066132
0.1615327000617981
0.28249672055244446
0.26735538244247437
0.20673514902591705
0.12152121216058731
0.1722802072763443
0.22762756049633026
0.1877492368221283
0.19106528162956238
0.20862986147403717
0.18875044584274292
0.24743908643722534
0.2642604410648346
0.18171349167823792
0.22039540112018585
0.2458055317401886
0.2690531313419342
0.24146759510040283
0.14906497299671173
0.24459010362625122
0.2289661169052124
0.25496330857276917
0.2807806134223938
0.2454778105020523
0.12650784850120544
0.1816956251859665
0.11631551384925842
0.17569583654403687
0.20245805382728577
0.11318280547857285
0.24965329468250275
0.17332762479782104
0.20104913413524628
0.10205809772014618
0.22136205434799194
0.17878317832946777
0.19218064844608307
0.21263206005096436
0.3080039322376251
0.1872299164533615
0.10105879604816437
0.14677681028842926
0.19260774552822113
0.16888870298862457
0.18362480401992798
0.2706505358219147
0.15437154471874237
0.2210368663072586
0.15169180929660797
0.2104845643043518
0.2599203884601593
0.24153809249401093
0.09914524853229523
0.17944149672985077
0.11452098935842514
0.2491956353187561
0.20266038179397583
0.16080665588378906
0.1530754268169403
0.1795274317264557
0.30145102739334106
0.15640537440776825
0.182181254029274
0.13456322252750397
0.20476378500461578
0.16356223821640015
0.20243510603904724
0.18441294133663177
0.23402544856071472
0.18273557722568512
0.1922178864479065
0.4026656448841095
0.17444077134132385
0.14582666754722595
0.25090357661247253
0.1668771505355835
0.1956922858953476
0.14817184209823608
0.2601030170917511
0.1913781762123108
0.13592107594013214
0.15815109014511108
0.28445950150489807
0.15005667507648468
0.12186192721128464
0.19483137130737305
0.13151216506958008
0.11920588463544846
0.21514974534511566
0.19899623095989227
0.3058609068393707
0.17061510682106018
0.15610851347446442
0.3396810293197632
0.2204034924507141
0.1963328868150711
0.2726929783821106
0.11490724980831146
0.2861214280128479
0.2749480903148651
0.2031780183315277
0.24038930237293243
0.17182591557502747
0.18925410509109497
0.2211143523454666
0.19834259152412415
0.16495347023010254
0.2389136254787445
0.12233782559633255
0.16569414734840393
0.2578466236591339
0.17094403505325317
0.3742004334926605
0.19621410965919495
0.23959189653396606
0.1146429181098938
0.15764056146144867
0.23094354569911957
0.23926134407520294
0.27698662877082825
0.11739036440849304
0.2019367665052414
0.29496103525161743
0.23017235100269318
0.23456519842147827
0.31956368684768677
0.1808125376701355
0.34283924102783203
0.2535092532634735
0.234710231423378
0.15508852899074554
0.23114575445652008
0.11235946416854858
0.18124663829803467
0.19898195564746857
0.35051101446151733
0.13199998438358307
0.15730631351470947
0.19879022240638733
0.2465062439441681
0.23984713852405548
0.24812515079975128
0.14967122673988342
0.2485160529613495
0.1303289234638214
0.15192389488220215
0.2701861560344696
0.20250068604946136
0.11065957695245743
0.1727181375026703
0.25853589177131653
