0.7121043801307678
0.3815622329711914
0.20123779773712158
0.25101882219314575
0.24406781792640686
0.16355842351913452
0.2511763870716095
0.2673821449279785
0.16946136951446533
0.18426182866096497
0.21039056777954102
0.21283923089504242
0.16328486800193787
0.12455261498689651
0.169314444065094
0.20936226844787598
0.1420058161020279
0.1937911957502365
0.25125232338905334
0.3368842303752899
0.27902352809906006
0.16111919283866882
0.3342353403568268
0.22474080324172974
0.22906123101711273
0.30442219972610474
0.2355072796344757
0.180670827627182
0.19974607229232788
0.09450527280569077
0.21685945987701416
0.33819523453712463
0.27046698331832886
0.19676551222801208
0.23865331709384918
0.25234392285346985
0.20519211888313293
0.3333809971809387
0.17108669877052307
0.07845515757799149
0.25681519508361816
0.39456892013549805
0.25359800457954407
0.1811542958021164
0.2481195032596588
0.3506499230861664
0.23840990662574768
0.2726031541824341
0.2720578908920288
0.2543991804122925
0.22552403807640076
0.08815909177064896
0.15892165899276733
0.128611758351326
0.22242861986160278
0.28548625111579895
0.2392585426568985
0.18936921656131744
0.26502007246017456
0.25358179211616516
0.16467219591140747
0.1571224182844162
0.36620819568634033
0.2218344658613205
0.1829572319984436
0.21466580033302307
0.29982540011405945
0.18672813475131989
0.2386147379875183
0.249871626496315
0.2458793669939041
0.15035425126552582
0.2629733681678772
0.2216496765613556
0.24562598764896393
0.13641953468322754
0.20884118974208832
0.21800921857357025
0.24783147871494293
0.257564902305603
0.3276520073413849
0.16914433240890503
0.22495241463184357
0.15512266755104065
0.2021588385105133
0.1300709843635559
0.24716053903102875
0.21987605094909668
0.18494851887226105
0.35071516036987305
0.20737268030643463
0.19686229526996613
0.36564892530441284
0.1366073489189148
0.24424397945404053
0.18396759033203125
0.18305525183677673
0.29951655864715576
0.16178041696548462
0.2112674117088318
0.13566115498542786
0.1333644539117813
0.1715332716703415
0.2444297820329666
0.3269534111022949
0.19535885751247406
0.21411648392677307
0.2705647647380829
0.24855488538742065
0.25165727734565735
0.219319149851799
0.13558855652809143
0.23416191339492798
0.2350895255804062
0.22039388120174408
0.18567919731140137
0.24062538146972656
0.16906233131885529
0.19815829396247864
0.20473650097846985
0.21850773692131042
0.11774224787950516
0.1368725448846817
0.2212761640548706
0.26453131437301636
0.2554561197757721
0.17333707213401794
0.15461406111717224
0.24664068222045898
0.14663510024547577
0.22459518909454346
0.13837824761867523
0.21793843805789948
0.19096674025058746
0.20940148830413818
0.18865443766117096
0.17976510524749756
0.2919442653656006
0.27835336327552795
0.18450629711151123
0.2667403519153595
0.14476753771305084
0.18236590921878815
0.13675065338611603
0.21525812149047852
0.154971644282341
0.1826535314321518
0.13785235583782196
0.17156760394573212
0.33379146456718445
0.17395786941051483
0.24365100264549255
0.30473050475120544
0.3534318208694458
0.20886000990867615
0.16956400871276855
0.2510164976119995
0.17886275053024292
0.24091516435146332
0.21841689944267273
0.1935892552137375
0.21036481857299805
0.3302883803844452
0.25161585211753845
0.2461976855993271
0.19578465819358826
0.2705552279949188
0.17598222196102142
0.23099960386753082
0.3023732900619507
0.23863118886947632
0.24861757457256317
0.21449030935764313
0.2024146467447281
0.10390400886535645
0.2028387039899826
0.18081699311733246
0.27596163749694824
0.17482642829418182
0.1631111353635788
0.17545771598815918
0.2638593912124634
0.21012328565120697
0.15148015320301056
0.2425864189863205
0.2261383831501007
0.29571887850761414
0.21351221203804016
0.3095896542072296
0.1907205879688263
0.13358056545257568
0.1272129863500595
0.2580382227897644
0.2724209725856781
0.22985705733299255
0.23976559937000275
0.23805318772792816
0.27548739314079285
0.31424859166145325
0.1883862316608429
0.25891220569610596
0.193987637758255
0.14798635244369507
0.3133951425552368
0.3071744740009308
0.26258066296577454
0.13426724076271057
0.14668385684490204
0.21401728689670563
0.3038521111011505
0.25389567017555237
0.23659087717533112
0.14137695729732513
0.261756032705307
0.4287796914577484
0.29580438137054443
0.258802205324173
0.17162024974822998
0.19559168815612793
0.24517560005187988
0.10800041258335114
0.2336156666278839
0.14476381242275238
0.19255036115646362
0.2513698935508728
0.1448397934436798
0.25157374143600464
0.2456781566143036
0.21427103877067566
0.2540196478366852
0.3010627329349518
0.1856783777475357
0.18751755356788635
0.1696874052286148
0.22061139345169067
0.20098881423473358
0.23085680603981018
0.24787229299545288
0.24988728761672974
0.23365172743797302
0.2788137197494507
0.24017834663391113
0.2701272964477539
0.1510469764471054
0.2756301760673523
0.154706209897995
0.1795194149017334
0.14616639912128448
0.25192686915397644
0.14660236239433289
0.22453142702579498
0.17829632759094238
0.4298788905143738
0.14603519439697266
0.15913280844688416
0.25990861654281616
0.23684941232204437
0.2607942819595337
0.1547721028327942
0.2735885977745056
0.14998236298561096
0.2862563133239746
0.16602246463298798
0.1752142310142517
0.25927281379699707
0.16816455125808716
0.1867597997188568
0.2553054988384247
0.23705503344535828
0.18704845011234283
0.20432065427303314
0.1448216438293457
0.22841669619083405
0.16034673154354095
0.28027188777923584
0.14244112372398376
0.2120455652475357
0.14765062928199768
0.2321721911430359
0.15131373703479767
0.19059671461582184
0.28335094451904297
0.265646368265152
0.26414811611175537
0.17267240583896637
0.2464832365512848
0.28514787554740906
0.1984771490097046
0.18697240948677063
0.17065662145614624
0.10817921906709671
0.23308344185352325
0.1904725581407547
0.1427459567785263
0.3010578453540802
0.2348794788122177
0.2842894494533539
0.13664554059505463
0.32235702872276306
0.25300362706184387
0.22924405336380005
0.23536542057991028
0.22382217645645142
0.14820021390914917
0.16074176132678986
0.3297553062438965
0.20223931968212128
0.3013211488723755
0.12745216488838196
0.23030944168567657
0.26895201206207275
0.22642013430595398
0.26273396611213684
0.2014167308807373
0.2692990303039551
0.14253726601600647
0.20255814492702484
0.22403623163700104
0.17513427138328552
0.33184748888015747
0.1972210705280304
0.18745110929012299
0.20119428634643555
0.20668938755989075
0.1825130134820938
0.2438410222530365
0.17334720492362976
0.256734162569046
0.1865292191505432
0.19802817702293396
0.20909693837165833
0.20839262008666992
0.16105002164840698
0.17403583228588104
0.2648583948612213
0.23741210997104645
0.26497840881347656
0.21804936230182648
0.27810239791870117
0.19436298310756683
0.23598285019397736
0.27160900831222534
0.1133764386177063
0.2633126378059387
0.29774102568626404
0.18509536981582642
0.24883803725242615
0.19544048607349396
0.22568318247795105
0.17919474840164185
0.21466553211212158
0.1371374875307083
0.18170763552188873
0.15662075579166412
0.23770907521247864
0.16839522123336792
0.11076550930738449
0.18803031742572784
0.2599506080150604
0.21070873737335205
0.21297624707221985
0.2530516982078552
0.14144475758075714
0.16408668458461761
0.15444551408290863
0.14840474724769592
0.19590452313423157
0.1921384334564209
0.3343779444694519
0.15524834394454956
0.22675485908985138
0.22197875380516052
0.18306171894073486
0.3136986196041107
0.20638367533683777
0.20793308317661285
0.20238612592220306
0.17358216643333435
0.14360681176185608
0.18976733088493347
0.37705135345458984
0.21652260422706604
0.20062927901744843
0.28440311551094055
0.16228733956813812
0.16298973560333252
0.13375991582870483
0.2517494559288025
0.12339917570352554
0.26267173886299133
0.2133798450231552
0.20100216567516327
0.261976420879364
0.13751976191997528
0.1960114985704422
0.21065279841423035
0.1901376098394394
0.23713500797748566
0.19128958880901337
0.15938302874565125
0.29638731479644775
0.19077816605567932
0.20903554558753967
0.11587581783533096
0.2782316505908966
0.14737166464328766
0.187250018119812
0.14205169677734375
0.27119797468185425
0.2647087574005127
0.21534092724323273
0.222354918718338
0.14241014420986176
0.13500399887561798
0.198905810713768
0.19742828607559204
0.2446230798959732
0.2489791363477707
0.16134010255336761
0.1561058759689331
0.18837015330791473
0.20330151915550232
0.19144734740257263
0.18547767400741577
0.1827811896800995
0.17630597949028015
0.28747624158859253
0.256210058927536
0.20465123653411865
0.18182407319545746
0.1430964320898056
0.3482869863510132
0.2795965373516083
0.2512412965297699
0.13655875623226166
0.20410923659801483
0.3124258816242218
0.23283307254314423
0.267645001411438
0.25629809498786926
0.3608936071395874
0.30661672353744507
0.13611964881420135
0.2150784581899643
0.16417630016803741
0.21041709184646606
0.10585284978151321
0.24671338498592377
0.25651004910469055
0.1692078560590744
0.18529962003231049
0.2613462507724762
0.18189768493175507
0.14122456312179565
0.2027464658021927
0.2225489765405655
0.21374353766441345
0.21015748381614685
0.22234250605106354
0.2262251079082489
0.2921828329563141
0.18566344678401947
0.1827583760023117
0.17894501984119415
0.26930105686187744
0.23312896490097046
0.20988912880420685
0.26502126455307007
0.16518966853618622
0.16206932067871094
0.19694805145263672
0.2416549175977707
0.179554283618927
0.27301543951034546
0.18320533633232117
0.1713232398033142
0.21557843685150146
0.3083609640598297
0.11904818564653397
0.31106215715408325
0.186223566532135
0.18402841687202454
0.22017697989940643
0.2837800681591034
0.20121507346630096
0.27749648690223694
0.24183745682239532
0.20885974168777466
0.17494162917137146
0.2314177006483078
0.28303080797195435
0.082343190908432
0.21206210553646088
0.17878921329975128
0.18465548753738403
0.14852236211299896
0.22347436845302582
0.11429011076688766
0.2028282880783081
0.2046390026807785
0.23466329276561737
0.2379821240901947
0.23380912840366364
0.26832738518714905
0.19531624019145966
0.16096128523349762
