0.20142245292663574
0.23112638294696808
0.26050376892089844
0.17973153293132782
0.10280895978212357
0.16762520372867584
0.18610547482967377
0.16054607927799225
0.16924181580543518
0.1660071611404419
0.20942553877830505
0.23510192334651947
0.20351050794124603
0.20891743898391724
0.25011110305786133
0.20602767169475555
0.23170143365859985
0.24937067925930023
0.20660753548145294
0.10038448125123978
0.19648496806621552
0.15201587975025177
0.2516239583492279
0.3041742742061615
0.17500950396060944
0.20730482041835785
0.1460500955581665
0.2310425341129303
0.17032605409622192
0.27628231048583984
0.24592065811157227
0.21522127091884613
0.1605634242296219
0.23854374885559082
0.23353980481624603
0.2032492458820343
0.25432896614074707
0.24554568529129028
0.18612422049045563
0.23754990100860596
0.2600997984409332
0.17957833409309387
0.3542105555534363
0.13768699765205383
0.2326631397008896
0.14160145819187164
0.271110862493515
0.14164359867572784
0.21234995126724243
0.17955103516578674
0.2051188200712204
0.19149139523506165
0.2669507563114166
0.09772460162639618
0.19342422485351562
0.20403319597244263
0.24556876718997955
0.21145695447921753
0.20479647815227509
0.1995527595281601
0.2442467212677002
0.2518024146556854
0.13855409622192383
0.21427126228809357
0.2140907496213913
0.16919347643852234
0.17616984248161316
0.26235657930374146
0.13061493635177612
0.20914143323898315
0.16069941222667694
0.12179087102413177
0.13603538274765015
0.21440884470939636
0.2625846862792969
0.158176988363266
0.22378817200660706
0.1880228966474533
0.16484832763671875
0.20383545756340027
0.14083966612815857
0.1615452766418457
0.13081082701683044
0.17155376076698303
0.25547468662261963
0.18858222663402557
0.21899062395095825
0.16266664862632751
0.1843687891960144
0.18823806941509247
0.2338211089372635
0.20955631136894226
0.20129619538784027
0.3083660900592804
0.16563163697719574
0.24670356512069702
0.11966586112976074
0.1705506443977356
0.17806647717952728
0.18582725524902344
0.321978360414505
0.184230238199234
0.2595857083797455
0.24154449999332428
0.22482673823833466
0.15538975596427917
0.27074164152145386
0.19390513002872467
0.1826527714729309
0.23447154462337494
0.1803508698940277
0.22921468317508698
0.17517641186714172
0.25621962547302246
0.1957019716501236
0.23336097598075867
0.22292831540107727
0.22968317568302155
0.1495652198791504
0.17146243155002594
0.2257937639951706
0.2184954583644867
0.19923743605613708
0.21325010061264038
0.2021288275718689
0.12357708066701889
0.25461921095848083
0.19247838854789734
0.3073079288005829
0.22396621108055115
0.35625970363616943
0.2622312009334564
0.23275741934776306
0.1856628954410553
0.18812312185764313
0.21453827619552612
0.2314670830965042
0.1401161253452301
0.25186654925346375
0.26315873861312866
0.16881324350833893
0.28282684087753296
0.16177210211753845
0.21831858158111572
0.22390703856945038
0.2790186107158661
0.19539785385131836
0.2699938118457794
0.21959859132766724
0.2038927525281906
0.15576444566249847
0.16303613781929016
0.22699673473834991
0.25649479031562805
0.16071322560310364
0.17518706619739532
0.13592152297496796
0.17527227103710175
0.2613222897052765
0.19835105538368225
0.17962060868740082
0.15618929266929626
0.17159435153007507
0.3326382040977478
0.20694798231124878
0.24618054926395416
0.1811283826828003
0.2211643010377884
0.2635326087474823
0.2044561505317688
0.14565324783325195
0.24447301030158997
0.14908398687839508
0.2333669811487198
0.1478501409292221
0.177310511469841
0.19562207162380219
0.13113611936569214
0.2879234850406647
0.16551154851913452
0.18372713029384613
0.167107492685318
0.1941775530576706
0.23551666736602783
0.159394770860672
0.3133983910083771
0.27077192068099976
0.24982647597789764
0.29769134521484375
0.1959601789712906
0.20461054146289825
0.1380864679813385
0.2567148804664612
0.12139379233121872
0.20356881618499756
0.1971486359834671
0.25928425788879395
0.1760149598121643
0.28916868567466736
0.19890029728412628
0.1892976611852646
0.12462344020605087
0.17634648084640503
0.1873423308134079
0.19527597725391388
0.22052240371704102
0.20643125474452972
0.24850942194461823
0.18430732190608978
0.10034441947937012
0.344290554523468
0.19301168620586395
0.23040008544921875
0.13747477531433105
0.2328236699104309
0.208341583609581
0.14349369704723358
0.20171421766281128
0.23027928173542023
0.2218901813030243
0.2252252697944641
0.13594716787338257
0.19955037534236908
0.147388756275177
0.20731568336486816
0.18496958911418915
0.16867749392986298
0.22622962296009064
0.31172552704811096
0.18271441757678986
0.11830917000770569
0.315354585647583
0.24495422840118408
0.16029605269432068
0.15797752141952515
0.2131374627351761
0.3725796639919281
0.2938140332698822
0.12870091199874878
0.1728462278842926
0.23817239701747894
0.2192906141281128
0.13864585757255554
0.19386020302772522
0.20488964021205902
0.16686807572841644
0.206047922372818
0.3105303943157196
0.21101704239845276
0.23926383256912231
0.2767486572265625
0.16458351910114288
0.1837759017944336
0.2340427190065384
0.19208544492721558
0.15078513324260712
0.12829197943210602
0.39317017793655396
0.15761438012123108
0.1740061640739441
0.2722315490245819
0.22175709903240204
0.25673338770866394
0.290189653635025
0.24240140616893768
0.1287681609392166
0.22564931213855743
0.1857730746269226
0.2197650969028473
0.20601586997509003
0.19333204627037048
0.2247242033481598
0.19901393353939056
0.15504416823387146
0.2687532305717468
0.24843932688236237
0.18144528567790985
0.1802099645137787
0.24649015069007874
0.17832425236701965
0.2774396240711212
0.2698873281478882
0.24945758283138275
0.17944131791591644
0.23685836791992188
0.20879310369491577
0.1754966527223587
0.24735036492347717
0.2194618284702301
0.2722885310649872
0.08534339815378189
0.2894761264324188
0.34139537811279297
0.1333494931459427
0.2700508236885071
0.17420847713947296
0.22267025709152222
0.1417541652917862
0.18657951056957245
0.24019579589366913
0.23242591321468353
0.22069546580314636
0.20367082953453064
0.29201656579971313
0.2985982894897461
0.22775325179100037
0.28129422664642334
0.18742968142032623
0.31393787264823914
0.1381862759590149
0.22949856519699097
0.23685257136821747
0.24367907643318176
0.19432653486728668
0.15887415409088135
0.17039620876312256
0.2506570816040039
0.23963704705238342
0.2399243712425232
0.274292916059494
0.2339613288640976
0.1404922604560852
0.1930702179670334
0.26493823528289795
0.15579919517040253
0.1974213868379593
0.21752537786960602
0.16466498374938965
0.20903874933719635
0.20462526381015778
0.17797377705574036
0.2800651490688324
0.2333327680826187
0.21738657355308533
0.21043798327445984
0.2168695330619812
0.22151446342468262
0.18741147220134735
0.12550850212574005
0.24596956372261047
0.2494339495897293
0.19464638829231262
0.1852887123823166
0.31712597608566284
0.21596072614192963
0.22722770273685455
0.20344018936157227
0.18405061960220337
0.20322516560554504
0.3031168282032013
0.19893930852413177
0.21972493827342987
0.20998892188072205
0.26770955324172974
0.21067564189434052
0.15953025221824646
0.0972559005022049
0.17610682547092438
0.2230827808380127
0.20037169754505157
0.29140955209732056
0.18130779266357422
0.12165336310863495
0.24380050599575043
0.1893550306558609
0.13971686363220215
0.14879027009010315
0.17494571208953857
0.23542670905590057
0.2309516966342926
0.1694502830505371
0.23337817192077637
0.17856910824775696
0.19925619661808014
0.2412886768579483
0.2384454309940338
0.3273885250091553
0.22801999747753143
0.1630937159061432
0.124493308365345
0.2547004222869873
0.16557051241397858
0.21638406813144684
0.31127434968948364
0.28824707865715027
0.24183428287506104
0.1378457099199295
0.31947144865989685
0.28997698426246643
0.16325601935386658
0.24889913201332092
0.18138612806797028
0.21630603075027466
0.22029556334018707
0.20970219373703003
0.17598703503608704
0.18764689564704895
0.16520948708057404
0.28007665276527405
0.2237430065870285
0.22367942333221436
0.26040518283843994
0.13605865836143494
0.21454080939292908
0.26747649908065796
0.24035893380641937
0.14930886030197144
0.1282806694507599
0.20105427503585815
0.13086433708667755
0.2136632353067398
0.1768767386674881
0.20113395154476166
0.19201165437698364
0.23696227371692657
0.23458373546600342
0.18089698255062103
0.23619875311851501
0.11191733181476593
0.20303577184677124
0.23611679673194885
0.2349928468465805
0.2394934594631195
0.16799978911876678
0.3082989454269409
0.2211681604385376
0.17905811965465546
0.2207147777080536
0.2027948498725891
0.1466090977191925
0.22063247859477997
0.28707247972488403
0.1545073390007019
0.25895580649375916
0.21496251225471497
0.22739802300930023
0.19304990768432617
0.2667543590068817
0.10791992396116257
0.2638093829154968
0.12227427214384079
0.13405370712280273
0.17197807133197784
0.2028386890888214
0.2390054315328598
0.12279894202947617
0.17828801274299622
0.23658864200115204
0.14311057329177856
0.2171553522348404
0.2898045480251312
0.14683838188648224
0.23360379040241241
0.1707388013601303
0.13983632624149323
0.1706644892692566
0.27744874358177185
0.1952800303697586
0.17915911972522736
0.15635167062282562
0.27741506695747375
0.1623167246580124
0.14671774208545685
0.2042291760444641
0.16068421304225922
0.2005443572998047
0.2801760733127594
0.14392884075641632
0.18184953927993774
0.09870215505361557
0.2573263347148895
0.21466639637947083
0.16703982651233673
0.19611695408821106
0.16253389418125153
0.1295732706785202
0.26358067989349365
0.18039776384830475
0.1631847321987152
0.15493132174015045
0.2405747026205063
0.2234160304069519
0.18385033309459686
0.10925445705652237
0.2218800038099289
0.22228917479515076
0.31989556550979614
0.11031201481819153
0.26062914729118347
0.2156701683998108
0.20654354989528656
0.22076009213924408
0.1834365278482437
0.13310681283473969
0.2263406366109848
0.19532188773155212
0.14943428337574005
0.21528218686580658
0.20522581040859222
0.16681937873363495
0.20390424132347107
0.08381643891334534
0.2163136601448059
0.21198806166648865
0.18515612185001373
0.23433832824230194
