0.23766298592090607
0.3052111864089966
0.2119615077972412
0.19944366812705994
0.1998690515756607
0.25325313210487366
0.17131450772285461
0.19441717863082886
0.21570411324501038
0.23853860795497894
0.16201293468475342
0.21944758296012878
0.1864532083272934
0.21001607179641724
0.23184964060783386
0.1792624443769455
0.19081774353981018
0.17849992215633392
0.12427383661270142
0.22139650583267212
0.23423640429973602
0.14806555211544037
0.18734192848205566
0.217522993683815
0.2442542314529419
0.23858505487442017
0.32374250888824463
0.2260156273841858
0.3291926980018616
0.2386595904827118
0.26562947034835815
0.26848623156547546
0.186234250664711
0.21364597976207733
0.15151463449001312
0.2703443765640259
0.2075057029724121
0.18174676597118378
0.20284219086170197
0.2405277043581009
0.18694041669368744
0.19280530512332916
0.2642934322357178
0.33464086055755615
0.2240719050168991
0.17617452144622803
0.1830480843782425
0.15721073746681213
0.24159032106399536
0.15371689200401306
0.16317696869373322
0.2349155694246292
0.2512018382549286
0.16239358484745026
0.21703976392745972
0.29402250051498413
0.15175944566726685
0.1613302379846573
0.1683221310377121
0.18495048582553864
0.27510374784469604
0.1643456667661667
0.2790130078792572
0.19235362112522125
0.1358567476272583
0.24977953732013702
0.22935399413108826
0.18524861335754395
0.25086548924446106
0.1340930014848709
0.2351686805486679
0.19468724727630615
0.1739766150712967
0.21246755123138428
0.31710129976272583
0.12539345026016235
0.133003830909729
0.14946547150611877
0.23582997918128967
0.28351497650146484
0.19708073139190674
0.28403857350349426
0.21187080442905426
0.1886226236820221
0.21599574387073517
0.2550784945487976
0.262910395860672
0.1322961002588272
0.19399604201316833
0.2550105154514313
0.28884536027908325
0.2631051540374756
0.1735857129096985
0.13035975396633148
0.18674728274345398
0.15134453773498535
0.14547519385814667
0.21562820672988892
0.19287554919719696
0.21991302073001862
0.2135172337293625
0.3234439194202423
0.20604921877384186
0.25564253330230713
0.17490048706531525
0.2994261682033539
0.20221687853336334
0.317534863948822
0.2246248871088028
0.27656421065330505
0.1631772667169571
0.13000676035881042
0.23027877509593964
0.19341802597045898
0.24241699278354645
0.24105723202228546
0.24159564077854156
0.24182072281837463
0.23910227417945862
0.16948512196540833
0.21155641973018646
0.17678742110729218
0.30740565061569214
0.2852341830730438
0.21632492542266846
0.18383367359638214
0.08703534305095673
0.12962226569652557
0.15726536512374878
0.21139070391654968
0.1815473437309265
0.21595843136310577
0.24944287538528442
0.36301472783088684
0.3325828015804291
0.20967549085617065
0.18785801529884338
0.18981632590293884
0.18972744047641754
0.18059974908828735
0.2146187126636505
0.23044423758983612
0.21657748520374298
0.20951205492019653
0.18449519574642181
0.10828358680009842
0.2639588415622711
0.15317130088806152
0.15596196055412292
0.2253117859363556
0.2894485592842102
0.21946990489959717
0.3046591579914093
0.29308488965034485
0.15988805890083313
0.19587156176567078
0.19992630183696747
0.27488192915916443
0.17146988213062286
0.24441376328468323
0.19548282027244568
0.18783895671367645
0.19075623154640198
0.23928619921207428
0.22419552505016327
0.31380313634872437
0.12860111892223358
0.20361816883087158
0.1501917839050293
0.18402643501758575
0.18010161817073822
0.20282100141048431
0.18719850480556488
0.13693509995937347
0.150379478931427
0.16452717781066895
0.3766579031944275
0.28081583976745605
0.09632299095392227
0.18685661256313324
0.16513065993785858
0.3435862064361572
0.1429579108953476
0.28152409195899963
0.13983236253261566
0.1319427788257599
0.280641108751297
0.19859397411346436
0.17740608751773834
0.2672054171562195
0.20571933686733246
0.20917902886867523
0.1770915538072586
0.3122214674949646
0.20917250216007233
0.19421035051345825
0.21762382984161377
0.23292753100395203
0.15782742202281952
0.2616703510284424
0.21311558783054352
0.20014847815036774
0.18395358324050903
0.19607651233673096
0.12009194493293762
0.17550170421600342
0.32986685633659363
0.29892995953559875
0.19355492293834686
0.22015798091888428
0.23048922419548035
0.15872971713542938
0.21497942507266998
0.18336482346057892
0.2076631337404251
0.19389720261096954
0.14572417736053467
0.2660259008407593
0.13404184579849243
0.167015939950943
0.30410391092300415
0.275186687707901
0.24355554580688477
0.2509036958217621
0.15259306132793427
0.178863987326622
0.19718816876411438
0.1513257920742035
0.19252124428749084
0.2592597007751465
0.18523775041103363
0.21017977595329285
0.17962254583835602
0.2400650531053543
0.15075978636741638
0.1315622627735138
0.17806847393512726
0.2506696879863739
0.12746644020080566
0.183572456240654
0.21544420719146729
0.1543399840593338
0.18492421507835388
0.18305721879005432
0.20077501237392426
0.1649114489555359
0.1909927874803543
0.20102763175964355
0.17616130411624908
0.28261658549308777
0.19978001713752747
0.20321296155452728
0.24408508837223053
0.2926149368286133
0.20080778002738953
0.25329408049583435
0.1689099371433258
0.17342129349708557
0.1919582635164261
0.21500816941261292
0.1636362075805664
0.21718740463256836
0.14054980874061584
0.1781834065914154
0.24185176193714142
0.3084954619407654
0.15949471294879913
0.20150725543498993
0.17262201011180878
0.1904316395521164
0.17522934079170227
0.19339805841445923
0.17329391837120056
0.2906641662120819
0.1554591804742813
0.31612253189086914
0.26310232281684875
0.29110223054885864
0.1767147183418274
0.1590963453054428
0.2701233923435211
0.19288820028305054
0.25742286443710327
0.13448624312877655
0.3137483596801758
0.17011836171150208
0.12469705194234848
0.20230618119239807
0.1957646757364273
0.21238461136817932
0.326821506023407
0.18927498161792755
0.24697110056877136
0.20145855844020844
0.24724245071411133
0.19153998792171478
0.17837432026863098
0.3278326392173767
0.18506966531276703
0.20804014801979065
0.13099995255470276
0.2803877294063568
0.251214861869812
0.12014731019735336
0.19221137464046478
0.1278126835823059
0.24974574148654938
0.2139175683259964
0.2708236575126648
0.12257011234760284
0.29888856410980225
0.18610136210918427
0.28234681487083435
0.18851259350776672
0.2715226113796234
0.2946344017982483
0.26602664589881897
0.25046131014823914
0.1642349511384964
0.17788605391979218
0.22536122798919678
0.20842617750167847
0.2568313479423523
0.23026148974895477
0.12682971358299255
0.15215274691581726
0.19475512206554413
0.26850107312202454
0.15746831893920898
0.24568258225917816
0.27683770656585693
0.2595084607601166
0.20598354935646057
0.1486823558807373
0.1628362089395523
0.16644059121608734
0.20840059220790863
0.19381555914878845
0.29011592268943787
0.24372424185276031
0.18251343071460724
0.2003287822008133
0.26012784242630005
0.20933325588703156
0.17993871867656708
0.1733124852180481
0.24554041028022766
0.10208497196435928
0.2367604523897171
0.239342600107193
0.21806947886943817
0.17904095351696014
0.22877027094364166
0.19862981140613556
0.19349358975887299
0.2624155282974243
0.14895068109035492
0.16540932655334473
0.2321004420518875
0.3216959238052368
0.14776918292045593
0.20992380380630493
0.10995503515005112
0.26543161273002625
0.13281938433647156
0.25014519691467285
0.2041195034980774
0.15789617598056793
0.13094305992126465
0.24367156624794006
0.1705593466758728
0.2126489281654358
0.17642129957675934
0.20707035064697266
0.20834475755691528
0.21485282480716705
0.2678592801094055
0.14732955396175385
0.2029058337211609
0.3044426441192627
0.2301056683063507
0.22841356694698334
0.2134440839290619
0.11678681522607803
0.2471706122159958
0.15694934129714966
0.1251048445701599
0.2378186732530594
0.1644945591688156
0.20786446332931519
0.262919157743454
0.22532783448696136
0.31624892354011536
0.19229720532894135
0.14376679062843323
0.1273079216480255
0.1556757390499115
0.3373097777366638
0.2671481966972351
0.22852391004562378
0.21824556589126587
0.21545618772506714
0.20219317078590393
0.2541142404079437
0.1952778398990631
0.22835926711559296
0.26750269532203674
0.2232799232006073
0.25194063782691956
0.18480893969535828
0.29112008213996887
0.21917562186717987
0.31726375222206116
0.3192994296550751
0.17774660885334015
0.3369936943054199
0.23813927173614502
0.2953394949436188
0.250737726688385
0.15570959448814392
0.15374112129211426
0.17154516279697418
0.2892269790172577
0.14104264974594116
0.14252255856990814
0.343464195728302
0.18244491517543793
0.2461525797843933
0.17656859755516052
0.20815828442573547
0.13152986764907837
0.16415642201900482
0.17942596971988678
0.19596385955810547
0.3031887412071228
0.22044429183006287
0.21956764161586761
0.19406883418560028
0.18076656758785248
0.24003219604492188
0.20688390731811523
0.1841234564781189
0.17314018309116364
0.1379554122686386
0.17433014512062073
0.17837752401828766
0.15803992748260498
0.2514112889766693
0.2348627746105194
0.2015092521905899
0.20708711445331573
0.12008292973041534
0.11288212984800339
0.23606984317302704
0.24832883477210999
0.1478818953037262
0.25642746686935425
0.34696823358535767
0.24548238515853882
0.22301818430423737
0.24181970953941345
0.24570322036743164
0.2711612582206726
0.3101230263710022
0.24545839428901672
0.34309834241867065
0.1661527305841446
0.22158358991146088
0.17588458955287933
0.13445599377155304
0.25649866461753845
0.17668287456035614
0.22699852287769318
0.22527514398097992
0.3213401436805725
0.22116951644420624
0.29502543807029724
0.16316142678260803
0.2613358199596405
0.25610971450805664
0.2260877937078476
0.21630924940109253
0.1882055401802063
0.18507526814937592
0.16689608991146088
0.24542365968227386
0.26576194167137146
0.1538054645061493
0.18018674850463867
0.17479285597801208
0.25223466753959656
0.14085718989372253
0.2183033525943756
0.21902526915073395
0.1958795189857483
0.17621444165706635
0.16324223577976227
0.14286626875400543
0.14299799501895905
0.11488815397024155
0.19103172421455383
0.17476773262023926
0.2714749872684479
0.1839919537305832
0.17400655150413513
0.194038525223732
