0.2486059069633484
0.15083658695220947
0.3083514869213104
0.15064077079296112
0.25459226965904236
0.16148537397384644
0.27574703097343445
0.23621048033237457
0.19130779802799225
0.18859729170799255
0.18988221883773804
0.24555610120296478
0.19454354047775269
0.21726273000240326
0.26769256591796875
0.12160106748342514
0.23189771175384521
0.19440917670726776
0.17671675980091095
0.20053677260875702
0.28704583644866943
0.25275206565856934
0.26422184705734253
0.22916585206985474
0.26499783992767334
0.12118746340274811
0.20228548347949982
0.2840557396411896
0.17432241141796112
0.28873056173324585
0.1755553036928177
0.17994502186775208
0.22348523139953613
0.16063417494297028
0.21053721010684967
0.1392640322446823
0.25712132453918457
0.18648986518383026
0.13353265821933746
0.15496498346328735
0.26371893286705017
0.2925008535385132
0.18356657028198242
0.17325298488140106
0.23147188127040863
0.22056831419467926
0.20189893245697021
0.23241165280342102
0.23170597851276398
0.22838132083415985
0.1504262089729309
0.21382741630077362
0.09942407160997391
0.2047019600868225
0.2856503129005432
0.23889340460300446
0.15716680884361267
0.2467924803495407
0.1196875125169754
0.2291581928730011
0.21584752202033997
0.2068224996328354
0.3226245641708374
0.1762182116508484
0.1916152983903885
0.2670736312866211
0.1694861352443695
0.22103159129619598
0.20475323498249054
0.30598703026771545
0.13187289237976074
0.2254357933998108
0.21307116746902466
0.15803731977939606
0.12481680512428284
0.2366706281900406
0.16526444256305695
0.2415308654308319
0.18171221017837524
0.12116484344005585
0.2416030913591385
0.3234364092350006
0.19848360121250153
0.223219096660614
0.1949470192193985
0.1676400601863861
0.2569839060306549
0.23168420791625977
0.15500807762145996
0.12986119091510773
0.19740420579910278
0.2645830810070038
0.15242789685726166
0.2566722333431244
0.18984463810920715
0.28595179319381714
0.19825124740600586
0.2117062360048294
0.13128016889095306
0.20346643030643463
0.22365444898605347
0.2763749957084656
0.18701684474945068
0.19048947095870972
0.0836663544178009
0.2573844790458679
0.29253828525543213
0.1784636676311493
0.23024745285511017
0.27589869499206543
0.2994222939014435
0.2052479237318039
0.33220720291137695
0.27706849575042725
0.15829133987426758
0.13962793350219727
0.26778414845466614
0.1654626876115799
0.2642728090286255
0.13701263070106506
0.2188047468662262
0.21712994575500488
0.28414198756217957
0.26098087430000305
0.22328267991542816
0.25577667355537415
0.31733062863349915
0.14333154261112213
0.27494242787361145
0.1008540615439415
0.15783371031284332
0.18748599290847778
0.25539734959602356
0.10622518509626389
0.372592955827713
0.21295028924942017
0.14937075972557068
0.13908500969409943
0.177580788731575
0.19965827465057373
0.16291704773902893
0.16251406073570251
0.23713907599449158
0.15322671830654144
0.16902349889278412
0.26341956853866577
0.21928639709949493
0.1459244340658188
0.2485586553812027
0.18012112379074097
0.26993682980537415
0.16071899235248566
0.26967349648475647
0.1909400373697281
0.15563715994358063
0.17199155688285828
0.25533902645111084
0.2555989623069763
0.22639796137809753
0.16650642454624176
0.2856896221637726
0.12245514243841171
0.25577956438064575
0.28637170791625977
0.1581883430480957
0.1806563287973404
0.1557539403438568
0.2989959418773651
0.29105520248413086
0.2215586155653
0.1824026256799698
0.22850839793682098
0.1416459083557129
0.19203974306583405
0.1755134016275406
0.25329530239105225
0.15987400710582733
0.21834014356136322
0.2603458762168884
0.2269250452518463
0.21934692561626434
0.19658997654914856
0.19220997393131256
0.281533420085907
0.13737624883651733
0.2609618008136749
0.228999525308609
0.24204474687576294
0.289359450340271
0.18823090195655823
0.2522079050540924
0.15298759937286377
0.18287602066993713
0.31674906611442566
0.22414948046207428
0.281311571598053
0.356002539396286
0.21261176466941833
0.15147122740745544
0.16521553695201874
0.22492045164108276
0.2762821316719055
0.22282543778419495
0.20068120956420898
0.15981505811214447
0.17240530252456665
0.15269674360752106
0.29120683670043945
0.18922224640846252
0.16980288922786713
0.1754802167415619
0.18922926485538483
0.18412017822265625
0.2656477093696594
0.20618657767772675
0.31752297282218933
0.20859365165233612
0.21036255359649658
0.24893422424793243
0.22515639662742615
0.16254593431949615
0.21795654296875
0.11629646271467209
0.24424894154071808
0.13239262998104095
0.2085362821817398
0.2763163447380066
0.24383440613746643
0.281376451253891
0.21239067614078522
0.20165479183197021
0.23644068837165833
0.26689839363098145
0.3200926184654236
0.2894793152809143
0.16421164572238922
0.21628735959529877
0.12129806727170944
0.14054757356643677
0.08453492820262909
0.3108653128147125
0.13479554653167725
0.12310729920864105
0.1828780323266983
0.12310667335987091
0.11412764340639114
0.3105636537075043
0.2261509746313095
0.198136568069458
0.12128119170665741
0.23679448664188385
0.3192974328994751
0.22958295047283173
0.2626301646232605
0.283225953578949
0.14942578971385956
0.28099536895751953
0.11365937441587448
0.27626892924308777
0.30257564783096313
0.11298112571239471
0.2139938920736313
0.25530287623405457
0.1170802041888237
0.19530032575130463
0.25676849484443665
0.16172978281974792
0.3501315712928772
0.2604855000972748
0.2569217383861542
0.2269342839717865
0.2756862938404083
0.12647344172000885
0.185137078166008
0.1546074002981186
0.12108192592859268
0.1767715960741043
0.16160880029201508
0.19206449389457703
0.17422270774841309
0.24410797655582428
0.13027481734752655
0.2338458001613617
0.19333212077617645
0.1475074291229248
0.1641528308391571
0.22248362004756927
0.1597820222377777
0.25229522585868835
0.23228289186954498
0.20218737423419952
0.1720263510942459
0.19187913835048676
0.15535713732242584
0.18344533443450928
0.2428150475025177
0.3218787610530853
0.19878453016281128
0.18436527252197266
0.17446070909500122
0.21186970174312592
0.17079633474349976
0.23654185235500336
0.20936250686645508
0.2331996113061905
0.19702228903770447
0.21755413711071014
0.25873079895973206
0.1531270146369934
0.1616852879524231
0.24934110045433044
0.2074793428182602
0.16684186458587646
0.16175596415996552
0.2613007724285126
0.3047637343406677
0.33367300033569336
0.3391750454902649
0.20618204772472382
0.15092825889587402
0.28927549719810486
0.1809156984090805
0.20656812191009521
0.21501080691814423
0.20481659471988678
0.14978179335594177
0.35168927907943726
0.1635211557149887
0.23508882522583008
0.16580352187156677
0.1712547391653061
0.1390792727470398
0.15285943448543549
0.3069261312484741
0.11569609493017197
0.2858409583568573
0.17101040482521057
0.15593917667865753
0.23132766783237457
0.2518886625766754
0.18916910886764526
0.1710689216852188
0.21338678896427155
0.16522802412509918
0.32515889406204224
0.16276207566261292
0.21765711903572083
0.20524686574935913
0.23401235044002533
0.2658463418483734
0.21452519297599792
0.25034672021865845
0.2548118531703949
0.19005078077316284
0.22486676275730133
0.21330413222312927
0.12592795491218567
0.14719417691230774
0.11526770144701004
0.2395896166563034
0.143479123711586
0.13828858733177185
0.2755470871925354
0.14991778135299683
0.1907118558883667
0.1534041315317154
0.209538534283638
0.2054649293422699
0.16761592030525208
0.24433135986328125
0.2889039218425751
0.1776568740606308
0.268291175365448
0.19166813790798187
0.2016812264919281
0.2338036596775055
0.20812885463237762
0.2743290960788727
0.21468760073184967
0.23913031816482544
0.3213295638561249
0.277213990688324
0.2938932180404663
0.26035889983177185
0.22156409919261932
0.1915225088596344
0.25325286388397217
0.15080884099006653
0.18924936652183533
0.19007223844528198
0.16989171504974365
0.22709235548973083
0.29722127318382263
0.2576339542865753
0.272703617811203
0.20453734695911407
0.25672847032546997
0.1427006721496582
0.23233787715435028
0.22040173411369324
0.25223204493522644
0.11048881709575653
0.30017057061195374
0.24842344224452972
0.2705160975456238
0.26900672912597656
0.1761133223772049
0.19463811814785004
0.2607662081718445
0.1216062679886818
0.12704254686832428
0.22741734981536865
0.21121539175510406
0.20316624641418457
0.25369465351104736
0.14397238194942474
0.16791932284832
0.27589720487594604
0.28633514046669006
0.17958302795886993
0.1690760999917984
0.22698093950748444
0.18194036185741425
0.2889077365398407
0.311076819896698
0.21828803420066833
0.28556638956069946
0.1255386769771576
0.16684530675411224
0.14495107531547546
0.3039701282978058
0.2066304236650467
0.1683730036020279
0.24067911505699158
0.23789550364017487
0.27283740043640137
0.15301735699176788
0.23219889402389526
0.2693493366241455
0.17105571925640106
0.20072883367538452
0.21718715131282806
0.2074636071920395
0.20400504767894745
0.20820249617099762
0.3111884295940399
0.22847147285938263
0.25552886724472046
0.17974340915679932
0.15103119611740112
0.13706915080547333
0.18243125081062317
0.2239980548620224
0.2570767104625702
0.16642670333385468
0.195900559425354
0.23001614212989807
0.19277812540531158
0.22054295241832733
0.2470453381538391
0.13732610642910004
0.10010591894388199
0.1547597199678421
0.22234798967838287
0.1994217187166214
0.23570193350315094
0.1688758283853531
0.246830552816391
0.15007150173187256
0.15248078107833862
0.26539698243141174
0.12740226089954376
0.14671529829502106
0.20803099870681763
0.28798529505729675
0.21548037230968475
0.11082293093204498
0.13738127052783966
0.20988447964191437
0.293868750333786
0.14504671096801758
0.18753981590270996
0.4465889036655426
0.15170486271381378
0.28314489126205444
0.29882028698921204
0.1878635734319687
0.3334043622016907
0.16067349910736084
0.12008663266897202
0.16642805933952332
0.24789482355117798
0.2957279086112976
0.18106694519519806
0.1314695030450821
0.21825459599494934
0.14518822729587555
0.19612203538417816
0.299291729927063
0.3006744384765625
0.2678110897541046
0.22803440690040588
0.18369488418102264
0.2574693560600281
0.2233504205942154
0.2619043290615082
