0.12662872672080994
0.18028008937835693
0.18490956723690033
0.21323704719543457
0.31325167417526245
0.16662554442882538
0.12121036648750305
0.1976148933172226
0.2833176553249359
0.24403564631938934
0.19068370759487152
0.18867340683937073
0.23056747019290924
0.2626657485961914
0.24207089841365814
0.21942663192749023
0.15516968071460724
0.19104276597499847
0.19529308378696442
0.23016054928302765
0.15009988844394684
0.17086178064346313
0.40154433250427246
0.32603195309638977
0.27832651138305664
0.2678866684436798
0.27024543285369873
0.25323402881622314
0.2330159991979599
0.21938039362430573
0.1411571055650711
0.27205944061279297
0.25243744254112244
0.17126815021038055
0.1734829992055893
0.14769208431243896
0.2311074286699295
0.14673537015914917
0.21268145740032196
0.12782196700572968
0.347678542137146
0.17650431394577026
0.3053884506225586
0.14763669669628143
0.17645126581192017
0.2911820113658905
0.16473275423049927
0.2540838122367859
0.1290324330329895
0.18979831039905548
0.23021553456783295
0.3089580535888672
0.12183147668838501
0.2832581400871277
0.2311827540397644
0.19419951736927032
0.25632259249687195
0.3275482654571533
0.25674429535865784
0.19117513298988342
0.16678692400455475
0.25335076451301575
0.24366997182369232
0.1438916027545929
0.16879460215568542
0.16024741530418396
0.3875212073326111
0.16292928159236908
0.17685562372207642
0.22370488941669464
0.15428827702999115
0.1450708508491516
0.18693724274635315
0.10970945656299591
0.20365934073925018
0.11173586547374725
0.25815296173095703
0.3230327367782593
0.2583947777748108
0.22890008985996246
0.2232501208782196
0.23653869330883026
0.259408175945282
0.26854774355888367
0.19772124290466309
0.2084873914718628
0.15686601400375366
0.17199105024337769
0.21226952970027924
0.20436733961105347
0.32293128967285156
0.2081013321876526
0.22809702157974243
0.09985010325908661
0.2566511631011963
0.2604702115058899
0.18882639706134796
0.2680170238018036
0.1472891867160797
0.13656841218471527
0.1455736607313156
0.31319940090179443
0.26667070388793945
0.21546831727027893
0.19331057369709015
0.1312818080186844
0.21748995780944824
0.2445598542690277
0.20009773969650269
0.31218603253364563
0.22177515923976898
0.2788756191730499
0.15699677169322968
0.2940027713775635
0.17355017364025116
0.19602833688259125
0.27285948395729065
0.21881988644599915
0.21214236319065094
0.20006123185157776
0.24291041493415833
0.14629511535167694
0.2552848756313324
0.16265223920345306
0.2654738128185272
0.18594549596309662
0.2738003432750702
0.18780019879341125
0.14808978140354156
0.2495080828666687
0.2522754967212677
0.1845153421163559
0.2011573314666748
0.1550896167755127
0.16048450767993927
0.18039898574352264
0.20174434781074524
0.10079163312911987
0.2260042279958725
0.25267115235328674
0.1612691432237625
0.2603990137577057
0.22537460923194885
0.12115611881017685
0.2313174456357956
0.14103533327579498
0.11873295903205872
0.25666263699531555
0.24238601326942444
0.20875510573387146
0.20506389439105988
0.2054729014635086
0.22693033516407013
0.29263418912887573
0.23146972060203552
0.19752506911754608
0.22871333360671997
0.18917717039585114
0.2239905595779419
0.289569228887558
0.22824589908123016
0.1755128800868988
0.32430899143218994
0.10755744576454163
0.19455063343048096
0.30368900299072266
0.1716676652431488
0.20860373973846436
0.12714463472366333
0.1876140534877777
0.24239370226860046
0.23343385756015778
0.21904724836349487
0.206478551030159
0.21035924553871155
0.15881706774234772
0.25664517283439636
0.1510583907365799
0.22396115958690643
0.1506408154964447
0.2559256851673126
0.22092203795909882
0.16792789101600647
0.1915641725063324
0.19220268726348877
0.2104874849319458
0.21160979568958282
0.08514808863401413
0.20978935062885284
0.19265203177928925
0.2451920062303543
0.15601596236228943
0.20274582505226135
0.13081088662147522
0.15729501843452454
0.13388481736183167
0.19256605207920074
0.16188283264636993
0.1444065421819687
0.15309523046016693
0.2873500883579254
0.31425240635871887
0.2504633069038391
0.2886362075805664
0.25738057494163513
0.12335248291492462
0.2530093491077423
0.22714826464653015
0.166377991437912
0.2362775355577469
0.16951657831668854
0.12694185972213745
0.12963582575321198
0.16908180713653564
0.1381581574678421
0.20645961165428162
0.15726076066493988
0.26849105954170227
0.22341522574424744
0.288467139005661
0.2607228457927704
0.2744731903076172
0.18879884481430054
0.24700507521629333
0.24806594848632812
0.19639340043067932
0.2394270896911621
0.12934036552906036
0.219410702586174
0.2163514494895935
0.258724182844162
0.26217448711395264
0.19411064684391022
0.16089996695518494
0.23795904219150543
0.11180489510297775
0.24042867124080658
0.22286684811115265
0.31240326166152954
0.14087340235710144
0.13524624705314636
0.2028379589319229
0.2343224287033081
0.1615210771560669
0.13327200710773468
0.23088790476322174
0.11445542424917221
0.18324792385101318
0.19967831671237946
0.20662584900856018
0.2545260190963745
0.2360728681087494
0.26070165634155273
0.23730073869228363
0.19706931710243225
0.16464217007160187
0.2468276172876358
0.2184063196182251
0.165619894862175
0.19845187664031982
0.2028970718383789
0.2331916093826294
0.20431341230869293
0.203827366232872
0.13208450376987457
0.18228861689567566
0.19079013168811798
0.24096041917800903
0.12979812920093536
0.13162048161029816
0.28885841369628906
0.29138654470443726
0.12250120937824249
0.19052433967590332
0.1386721283197403
0.15658393502235413
0.2756563723087311
0.23424677550792694
0.29240235686302185
0.28251972794532776
0.3122313320636749
0.11518795043230057
0.21210996806621552
0.3561120331287384
0.23263554275035858
0.29132547974586487
0.33573365211486816
0.2292688488960266
0.16038422286510468
0.22609446942806244
0.2020713835954666
0.26644715666770935
0.1888296902179718
0.19162137806415558
0.3073097765445709
0.18006277084350586
0.18053196370601654
0.21278151869773865
0.23879007995128632
0.14414118230342865
0.2610832750797272
0.12719522416591644
0.28025010228157043
0.15254034101963043
0.1982565075159073
0.1597781479358673
0.310728520154953
0.23092615604400635
0.12544964253902435
0.30882930755615234
0.20735949277877808
0.12412679940462112
0.15221445262432098
0.13518008589744568
0.1847471445798874
0.2436172515153885
0.292194664478302
0.31021925806999207
0.2298598736524582
0.2783413827419281
0.16677649319171906
0.17478929460048676
0.1287277191877365
0.1392005980014801
0.20692934095859528
0.1359180063009262
0.19107002019882202
0.2960056960582733
0.16593967378139496
0.2229023277759552
0.19739355146884918
0.1365499496459961
0.19473592936992645
0.19781404733657837
0.19997136294841766
0.25663965940475464
0.13612031936645508
0.29610729217529297
0.215142622590065
0.16785943508148193
0.17998766899108887
0.163638636469841
0.2344549596309662
0.24981145560741425
0.10105673223733902
0.14563106000423431
0.13036403059959412
0.18023866415023804
0.2459825575351715
0.18216347694396973
0.18448641896247864
0.18426215648651123
0.194419726729393
0.2038637101650238
0.26292917132377625
0.19410157203674316
0.13615649938583374
0.16657353937625885
0.17743846774101257
0.25182101130485535
0.17101575434207916
0.1536136418581009
0.1798436939716339
0.13041794300079346
0.2992437481880188
0.14536671340465546
0.1720186322927475
0.26564934849739075
0.21049588918685913
0.16964715719223022
0.19825822114944458
0.3028333783149719
0.13219422101974487
0.22940665483474731
0.19984863698482513
0.24038182199001312
0.19755110144615173
0.12887972593307495
0.22398768365383148
0.180861696600914
0.1861439347267151
0.31198111176490784
0.25367575883865356
0.22891634702682495
0.20584602653980255
0.17269079387187958
0.15356270968914032
0.26229751110076904
0.21998707950115204
0.1739247441291809
0.19834165275096893
0.2460506707429886
0.1585611253976822
0.20099316537380219
0.2208128422498703
0.16882562637329102
0.2114563137292862
0.20794595777988434
0.21298088133335114
0.16709959506988525
0.23655357956886292
0.13534845411777496
0.23055163025856018
0.14951618015766144
0.22037345170974731
0.20596690475940704
0.18089193105697632
0.17266018688678741
0.3032367527484894
0.16073939204216003
0.1363985389471054
0.17736408114433289
0.21215851604938507
0.229105144739151
0.2173607349395752
0.25919419527053833
0.20239339768886566
0.11561337858438492
0.15395742654800415
0.17590831220149994
0.19717323780059814
0.23299698531627655
0.13276419043540955
0.3191010653972626
0.17544636130332947
0.20341293513774872
0.35790684819221497
0.16112835705280304
0.2717410922050476
0.23536407947540283
0.21283571422100067
0.23576131463050842
0.1684291809797287
0.34435033798217773
0.2435479462146759
0.2625570595264435
0.11502443999052048
0.21474522352218628
0.21720822155475616
0.22241701185703278
0.2004760503768921
0.24363932013511658
0.11421799659729004
0.2991828918457031
0.2141527235507965
0.17902308702468872
0.33015555143356323
0.2491142749786377
0.1969997137784958
0.2679487466812134
0.15469256043434143
0.14112627506256104
0.220184788107872
0.3957771956920624
0.22132045030593872
0.20627985894680023
0.15551689267158508
0.32122355699539185
0.19117996096611023
0.30449408292770386
0.32186517119407654
0.26767653226852417
0.18019945919513702
0.22057436406612396
0.10545574128627777
0.1791563183069229
0.20981934666633606
0.23910169303417206
0.18823829293251038
0.28270599246025085
0.21670450270175934
0.2142648845911026
0.19834810495376587
0.21517781913280487
0.18277432024478912
0.1661006510257721
0.234935000538826
0.20910869538784027
0.13716158270835876
0.239094078540802
0.3036634922027588
0.16843445599079132
0.2269989550113678
0.2236454337835312
0.23978029191493988
0.14582087099552155
0.2704373300075531
0.328664094209671
0.11241406947374344
0.22211669385433197
0.2739383578300476
0.23826441168785095
0.2812841832637787
0.15923243761062622
0.15730099380016327
0.17611776292324066
0.1653786152601242
0.18615005910396576
0.20906242728233337
0.3124399483203888
0.15286314487457275
0.20430351793766022
0.15200592577457428
0.31474223732948303
0.17544573545455933
0.17540016770362854
