0.3312498927116394
0.291171133518219
0.17512023448944092
0.1280457079410553
0.22570373117923737
0.27715811133384705
0.1607629954814911
0.2964431643486023
0.20364032685756683
0.17302195727825165
0.21367299556732178
0.1635204553604126
0.20189140737056732
0.10782907158136368
0.21785463392734528
0.2350727617740631
0.17869769036769867
0.2677217125892639
0.1787155419588089
0.1656169444322586
0.20562539994716644
0.24000701308250427
0.1590714305639267
0.201728954911232
0.21646885573863983
0.27477991580963135
0.2572559118270874
0.15200726687908173
0.2566356658935547
0.26555120944976807
0.29533153772354126
0.2503927946090698
0.24570685625076294
0.2404317408800125
0.20554809272289276
0.18439027667045593
0.318389892578125
0.1715059131383896
0.09728270024061203
0.18394486606121063
0.2608090937137604
0.2349560260772705
0.2999337613582611
0.32767510414123535
0.1416151225566864
0.1745467185974121
0.27805760502815247
0.22486621141433716
0.1352352499961853
0.20165680348873138
0.17478585243225098
0.1507152020931244
0.21075177192687988
0.24854645133018494
0.2610085606575012
0.24088582396507263
0.33168765902519226
0.1744547039270401
0.2033589631319046
0.1515303999185562
0.1531250774860382
0.18675993382930756
0.2147092968225479
0.162419393658638
0.23290018737316132
0.18661750853061676
0.15980267524719238
0.17070047557353973
0.16087333858013153
0.2086128294467926
0.15742981433868408
0.23376432061195374
0.18525870144367218
0.1902485191822052
0.2208140790462494
0.2000051587820053
0.25278738141059875
0.3571285903453827
0.20708905160427094
0.13653351366519928
0.13375630974769592
0.18294565379619598
0.11371214687824249
0.18168644607067108
0.24256551265716553
0.17924341559410095
0.2364029437303543
0.19027763605117798
0.23368939757347107
0.19771206378936768
0.12070208042860031
0.18283234536647797
0.2312329113483429
0.2516305148601532
0.2369070202112198
0.1838407665491104
0.2349400818347931
0.16921280324459076
0.21173790097236633
0.1542108654975891
0.1715417504310608
0.15740366280078888
0.3144640326499939
0.21114152669906616
0.13493412733078003
0.15944872796535492
0.24975121021270752
0.21472829580307007
0.18499429523944855
0.15650857985019684
0.18147915601730347
0.17461206018924713
0.2142009437084198
0.1798783391714096
0.13823039829730988
0.27382680773735046
0.15591081976890564
0.1711338311433792
0.2532579004764557
0.24947044253349304
0.2108781337738037
0.17479190230369568
0.1482040137052536
0.18505112826824188
0.2505880892276764
0.14133267104625702
0.11324628442525864
0.1928347796201706
0.11797795444726944
0.1841314136981964
0.18457728624343872
0.25177210569381714
0.1791769564151764
0.23461303114891052
0.12264060974121094
0.133432075381279
0.13598182797431946
0.21519732475280762
0.2686471939086914
0.16072852909564972
0.2893647849559784
0.10000859946012497
0.19645142555236816
0.16087329387664795
0.16463938355445862
0.32890263199806213
0.2303246557712555
0.10970383882522583
0.17265945672988892
0.18023502826690674
0.23980514705181122
0.14165076613426208
0.25651103258132935
0.20719172060489655
0.12618857622146606
0.21933959424495697
0.1876428723335266
0.11377371102571487
0.24366065859794617
0.21781136095523834
0.1642427295446396
0.20391589403152466
0.24401502311229706
0.2488456666469574
0.20598609745502472
0.2217915654182434
0.26482847332954407
0.3121572732925415
0.2281905561685562
0.13455653190612793
0.1651422679424286
0.25223737955093384
0.16497059166431427
0.12170246243476868
0.2206137627363205
0.15631000697612762
0.10011492669582367
0.19821697473526
0.2524036169052124
0.17044152319431305
0.18859724700450897
0.25771409273147583
0.31196731328964233
0.2631833255290985
0.32272037863731384
0.1275329738855362
0.28738564252853394
0.21444439888000488
0.17539294064044952
0.248139426112175
0.18631921708583832
0.18073852360248566
0.23208244144916534
0.25944784283638
0.2655606269836426
0.17848847806453705
0.21813194453716278
0.181095153093338
0.16693373024463654
0.1983737051486969
0.17115190625190735
0.17721644043922424
0.32668575644493103
0.25598347187042236
0.1417291760444641
0.19947031140327454
0.18290133774280548
0.28153103590011597
0.260638028383255
0.19612644612789154
0.1866692155599594
0.19790853559970856
0.21687547862529755
0.22023636102676392
0.25272029638290405
0.16450172662734985
0.19178380072116852
0.23999005556106567
0.2225741595029831
0.20123980939388275
0.12985505163669586
0.15594589710235596
0.1703999638557434
0.09706542640924454
0.18320433795452118
0.268814355134964
0.13955886662006378
0.23032338917255402
0.26111942529678345
0.14562398195266724
0.2001468539237976
0.19187228381633759
0.20346349477767944
0.18934331834316254
0.2111589014530182
0.1853354573249817
0.14504754543304443
0.24173402786254883
0.24821332097053528
0.1757017970085144
0.21345019340515137
0.18181094527244568
0.1854831725358963
0.22832722961902618
0.12768958508968353
0.2501209080219269
0.1454770416021347
0.14650124311447144
0.22796940803527832
0.1751580387353897
0.2640227973461151
0.13445806503295898
0.3596780002117157
0.240545853972435
0.20366767048835754
0.1289968341588974
0.21343198418617249
0.2408575713634491
0.23895245790481567
0.2336326539516449
0.22080615162849426
0.1301555633544922
0.17469248175621033
0.2981237471103668
0.09844472259283066
0.19851620495319366
0.18578684329986572
0.12103309482336044
0.23104672133922577
0.20428356528282166
0.1853698343038559
0.18522483110427856
0.18818415701389313
0.3074166774749756
0.27528244256973267
0.2138318121433258
0.29572582244873047
0.1453312486410141
0.2816719114780426
0.23575998842716217
0.1852552890777588
0.2799481451511383
0.17834410071372986
0.30151042342185974
0.26445654034614563
0.19911354780197144
0.14104288816452026
0.18004119396209717
0.21937571465969086
0.35971346497535706
0.23422780632972717
0.1954631358385086
0.258933424949646
0.17959047853946686
0.1713736653327942
0.17743568122386932
0.16972891986370087
0.18304020166397095
0.317169725894928
0.28563979268074036
0.24516838788986206
0.279744416475296
0.3299812972545624
0.2042686492204666
0.1320265680551529
0.12507951259613037
0.243805930018425
0.25627774000167847
0.20538203418254852
0.20697316527366638
0.16950896382331848
0.24950699508190155
0.22905609011650085
0.17635144293308258
0.20581313967704773
0.1904749870300293
0.2836822271347046
0.2469537854194641
0.2866070866584778
0.2643982172012329
0.29390761256217957
0.2773946523666382
0.23584020137786865
0.3092360198497772
0.2692827880382538
0.2076430320739746
0.19875214993953705
0.2345709204673767
0.25439321994781494
0.14610928297042847
0.309768408536911
0.14826169610023499
0.2857767343521118
0.19268207252025604
0.1537533700466156
0.1883116364479065
0.3079356253147125
0.2792234420776367
0.20896317064762115
0.22416578233242035
0.16070683300495148
0.21131551265716553
0.19824428856372833
0.20848937332630157
0.2778376638889313
0.15153641998767853
0.2673191726207733
0.29538536071777344
0.12656216323375702
0.2648739814758301
0.18618954718112946
0.19805335998535156
0.17266486585140228
0.19263797998428345
0.20500819385051727
0.17476631700992584
0.17841759324073792
0.16796328127384186
0.1459881067276001
0.16574348509311676
0.2026395946741104
0.2090928554534912
0.282812237739563
0.16019897162914276
0.15861372649669647
0.21175983548164368
0.24156980216503143
0.19745320081710815
0.13247716426849365
0.1262447088956833
0.12711243331432343
0.3281193673610687
0.23449426889419556
0.19250322878360748
0.13069915771484375
0.2732182443141937
0.19128988683223724
0.18615517020225525
0.2098415642976761
0.14764131605625153
0.13162322342395782
0.1757138967514038
0.19482377171516418
0.23365016281604767
0.1873374730348587
0.2517453134059906
0.2684909701347351
0.20854154229164124
0.15360033512115479
0.20576785504817963
0.17678314447402954
0.298071026802063
0.3083127737045288
0.19659456610679626
0.18869580328464508
0.17328780889511108
0.16176144778728485
0.3023560643196106
0.40237802267074585
0.18383489549160004
0.17217005789279938
0.21925854682922363
0.29947251081466675
0.16738846898078918
0.20243871212005615
0.17904509603977203
0.19522348046302795
0.2501659095287323
0.16303673386573792
0.1518431156873703
0.1867283135652542
0.20493529736995697
0.251222163438797
0.2926642596721649
0.18638229370117188
0.2377796620130539
0.21314063668251038
0.16922050714492798
0.21370667219161987
0.1669372022151947
0.166765034198761
0.20782189071178436
0.13987182080745697
0.17931529879570007
0.23296968638896942
0.1694175750017166
0.14058132469654083
0.23032788932323456
0.17118223011493683
0.09996595233678818
0.15034735202789307
0.2961381673812866
0.2415585070848465
0.2647445797920227
0.21415828168392181
0.248579740524292
0.2986229360103607
0.14187079668045044
0.1978812962770462
0.1867421269416809
0.14634709060192108
0.13500958681106567
0.2999168336391449
0.20703217387199402
0.1461154818534851
0.1698998659849167
0.23952671885490417
0.09761393070220947
0.11356212943792343
0.26238036155700684
0.27930939197540283
0.12628960609436035
0.14229267835617065
0.21666038036346436
0.14915528893470764
0.21082566678524017
0.17197765409946442
0.2255478948354721
0.13187342882156372
0.17490829527378082
0.21945388615131378
0.20809811353683472
0.19963116943836212
0.1818702071905136
0.21632032096385956
0.23856429755687714
0.2268294245004654
0.2506697475910187
0.25866809487342834
0.25449874997138977
0.16526368260383606
0.1914246529340744
0.32781365513801575
0.20394083857536316
0.2085205614566803
0.1916552633047104
0.198908269405365
0.21983657777309418
0.2070387452840805
0.17985385656356812
0.184128537774086
0.21958023309707642
0.25455382466316223
0.1858195662498474
0.22704951465129852
0.2362692803144455
0.2621176242828369
0.220703586935997
0.3255535662174225
0.24710960686206818
0.2555979788303375
0.16590559482574463
0.199761301279068
0.18566423654556274
0.1543014794588089
0.18440353870391846
0.4094334840774536
0.27168574929237366
0.2276451587677002
0.24056409299373627
0.19025607407093048
0.2607424557209015
0.22810198366641998
0.24463485181331635
0.21423380076885223
0.11831776797771454
