0.18326152861118317
0.23422910273075104
0.1389770805835724
0.2158392071723938
0.14730633795261383
0.31385985016822815
0.1591532975435257
0.3048226535320282
0.2324657440185547
0.175124391913414
0.2518642246723175
0.19361934065818787
0.20861981809139252
0.182520791888237
0.2332211583852768
0.2006068378686905
0.2638002634048462
0.2936224639415741
0.1550716906785965
0.18200688064098358
0.33980682492256165
0.19974245131015778
0.22058932483196259
0.24730804562568665
0.17050178349018097
0.2607089877128601
0.2272641956806183
0.1748848259449005
0.25463059544563293
0.1958433836698532
0.2508730888366699
0.18151681125164032
0.11023642122745514
0.2048967033624649
0.24173642694950104
0.13322319090366364
0.18191513419151306
0.26521003246307373
0.1926281452178955
0.1966691017150879
0.15369738638401031
0.19100961089134216
0.24431203305721283
0.21496185660362244
0.2174212634563446
0.25709235668182373
0.21674880385398865
0.17035892605781555
0.2389705628156662
0.32577770948410034
0.15344373881816864
0.1491071581840515
0.19505400955677032
0.13644014298915863
0.256207674741745
0.2215503752231598
0.19709306955337524
0.25563448667526245
0.14327682554721832
0.25241124629974365
0.2522144913673401
0.11466719210147858
0.22969703376293182
0.2455068677663803
0.3557467758655548
0.19920188188552856
0.2609058618545532
0.2054314762353897
0.17329783737659454
0.1903918832540512
0.18869273364543915
0.2664167881011963
0.26400116086006165
0.16122828423976898
0.1326286792755127
0.2710585594177246
0.1616707146167755
0.14438599348068237
0.14254406094551086
0.22159932553768158
0.20985352993011475
0.24421757459640503
0.14053018391132355
0.1637151837348938
0.11996535956859589
0.3034134805202484
0.20826563239097595
0.19849997758865356
0.2998417019844055
0.23793856799602509
0.2956216335296631
0.24461030960083008
0.18949295580387115
0.266861230134964
0.24357716739177704
0.20743781328201294
0.21832509338855743
0.1491277515888214
0.1672486662864685
0.24063383042812347
0.17530931532382965
0.1393602192401886
0.21990658342838287
0.09853603690862656
0.19140666723251343
0.2205563336610794
0.21428553760051727
0.1493019461631775
0.15988461673259735
0.08343009650707245
0.23984476923942566
0.1923888921737671
0.18509924411773682
0.240536168217659
0.1833532750606537
0.1787797510623932
0.12349087744951248
0.2609456479549408
0.17869114875793457
0.15905244648456573
0.1258077770471573
0.3391609787940979
0.2938568592071533
0.14985151588916779
0.18315882980823517
0.22951176762580872
0.24845968186855316
0.1997932642698288
0.2164044976234436
0.2587728500366211
0.1075737401843071
0.27939146757125854
0.2357948273420334
0.16223572194576263
0.16111591458320618
0.20178136229515076
0.20405258238315582
0.21205396950244904
0.19329436123371124
0.2282981127500534
0.19717414677143097
0.2782236635684967
0.17272953689098358
0.26161980628967285
0.20185160636901855
0.2432391345500946
0.2955605685710907
0.16196870803833008
0.16502641141414642
0.195621520280838
0.24307560920715332
0.3538936376571655
0.1299782395362854
0.26761260628700256
0.29164230823516846
0.262717604637146
0.16541580855846405
0.1781288981437683
0.1810564398765564
0.18505090475082397
0.15159708261489868
0.12855829298496246
0.2760215997695923
0.21222367882728577
0.20753636956214905
0.16550956666469574
0.2036484330892563
0.21363362669944763
0.14944633841514587
0.19700492918491364
0.20878006517887115
0.15784896910190582
0.17209342122077942
0.33959296345710754
0.31766796112060547
0.3158552944660187
0.20960821211338043
0.26068317890167236
0.1730322390794754
0.1938513219356537
0.16993743181228638
0.174423947930336
0.12720540165901184
0.12684565782546997
0.312677800655365
0.26380640268325806
0.1687147468328476
0.27747467160224915
0.2512992322444916
0.16134768724441528
0.22160451114177704
0.16320349276065826
0.11270885169506073
0.24247637391090393
0.2238014191389084
0.13724079728126526
0.24519307911396027
0.15307264029979706
0.2378624677658081
0.3209651708602905
0.17970111966133118
0.1535615772008896
0.28422415256500244
0.12916351854801178
0.2068728506565094
0.16216541826725006
0.20145545899868011
0.20648539066314697
0.20680765807628632
0.1632090061903
0.2986197769641876
0.21524296700954437
0.23432952165603638
0.2047928124666214
0.09688781946897507
0.22291240096092224
0.16681508719921112
0.23327939212322235
0.22319620847702026
0.2686818540096283
0.12490895390510559
0.19054383039474487
0.30788350105285645
0.16417351365089417
0.1764560490846634
0.33904555439949036
0.14800913631916046
0.23299451172351837
0.24966099858283997
0.19670139253139496
0.20827613770961761
0.16607801616191864
0.2612931430339813
0.19580061733722687
0.20019426941871643
0.1855809986591339
0.15141640603542328
0.1535462886095047
0.18848346173763275
0.19240409135818481
0.21190223097801208
0.13987040519714355
0.13398300111293793
0.29474472999572754
0.1691187620162964
0.2289329320192337
0.18785221874713898
0.21023382246494293
0.17139144241809845
0.20662875473499298
0.2471322864294052
0.21193787455558777
0.25299879908561707
0.23560519516468048
0.21597696840763092
0.16165035963058472
0.17930647730827332
0.24972544610500336
0.3325563073158264
0.2325076311826706
0.2274545282125473
0.1748085469007492
0.15864939987659454
0.19939862191677094
0.23527944087982178
0.12377825379371643
0.25001153349876404
0.18356402218341827
0.17476068437099457
0.20040450990200043
0.15093356370925903
0.16497057676315308
0.3407030403614044
0.26576095819473267
0.23993229866027832
0.12588752806186676
0.18930478394031525
0.17257829010486603
0.250414103269577
0.2509731948375702
0.16307316720485687
0.2945879101753235
0.16911117732524872
0.20855608582496643
0.21713724732398987
0.23117612302303314
0.20567113161087036
0.22669881582260132
0.18549050390720367
0.19595462083816528
0.24479466676712036
0.1704002022743225
0.11385154724121094
0.18901324272155762
0.14910486340522766
0.20583131909370422
0.16676361858844757
0.1461697369813919
0.1997642070055008
0.27524852752685547
0.19948327541351318
0.21418258547782898
0.27655917406082153
0.23146261274814606
0.12416105717420578
0.1893816739320755
0.23725923895835876
0.27919602394104004
0.1980229914188385
0.19761569797992706
0.3216533660888672
0.24243395030498505
0.19899602234363556
0.28348416090011597
0.19468197226524353
0.32779961824417114
0.16717804968357086
0.1656295657157898
0.19560252130031586
0.19750504195690155
0.11119840294122696
0.14788822829723358
0.20804889500141144
0.4113141894340515
0.17147815227508545
0.17648370563983917
0.2577033042907715
0.23823216557502747
0.18271590769290924
0.09754255414009094
0.1823066920042038
0.1873701512813568
0.18928448855876923
0.19386997818946838
0.1902497410774231
0.2693868577480316
0.19558079540729523
0.21640010178089142
0.23371678590774536
0.0852021649479866
0.3467123806476593
0.25436967611312866
0.23964525759220123
0.21007516980171204
0.24994273483753204
0.1257386952638626
0.12627065181732178
0.1303621530532837
0.14868123829364777
0.23197437822818756
0.16622969508171082
0.17719021439552307
0.12369413673877716
0.23524396121501923
0.17730668187141418
0.21681948006153107
0.20951540768146515
0.13632744550704956
0.20730088651180267
0.16500034928321838
0.10153456032276154
0.22050821781158447
0.1003667563199997
0.156032532453537
0.1979139745235443
0.16276079416275024
0.23246818780899048
0.2492835968732834
0.2750532329082489
0.22699394822120667
0.24272893369197845
0.20927166938781738
0.24514515697956085
0.18472322821617126
0.20830141007900238
0.30728745460510254
0.18455395102500916
0.17929939925670624
0.2158610075712204
0.23727725446224213
0.23392334580421448
0.15729595720767975
0.155458003282547
0.16326257586479187
0.13262900710105896
0.19813303649425507
0.18194730579853058
0.18196049332618713
0.1978033483028412
0.19126145541667938
0.2120799422264099
0.20151649415493011
0.17431960999965668
0.2380932867527008
0.2518547475337982
0.298363596200943
0.15128786861896515
0.10483813285827637
0.21111294627189636
0.20654724538326263
0.3033435344696045
0.1913244128227234
0.35172876715660095
0.1715596318244934
0.20132596790790558
0.2620704770088196
0.14544777572155
0.28968125581741333
0.10953596979379654
0.2308397740125656
0.14693914353847504
0.18928605318069458
0.17341341078281403
0.18630103766918182
0.1357683539390564
0.16352736949920654
0.2749030888080597
0.20076747238636017
0.24148300290107727
0.2410333752632141
0.20072022080421448
0.2013797014951706
0.2335796058177948
0.2446061223745346
0.23574908077716827
0.1860160380601883
0.28881800174713135
0.19259192049503326
0.27686387300491333
0.16108079254627228
0.16685830056667328
0.19025501608848572
0.15176379680633545
0.21289490163326263
0.28184249997138977
0.22907216846942902
0.2065555453300476
0.21608835458755493
0.2879738509654999
0.3540542721748352
0.3298064172267914
0.19438043236732483
0.28827083110809326
0.25489309430122375
0.16645193099975586
0.20009417831897736
0.21622124314308167
0.19171519577503204
0.19800426065921783
0.19885064661502838
0.2734962999820709
0.1981448084115982
0.1256289929151535
0.1697215884923935
0.16250915825366974
0.31789717078208923
0.1811552494764328
0.15789556503295898
0.20676234364509583
0.18684177100658417
0.13193021714687347
0.4179225265979767
0.15042583644390106
0.12307839840650558
0.17379961907863617
0.16075241565704346
0.14780369400978088
0.2612324059009552
0.17502398788928986
0.19404907524585724
0.1486624926328659
0.2917090058326721
0.34115782380104065
0.16253197193145752
0.16588610410690308
0.15442512929439545
0.24863429367542267
0.19279466569423676
0.2597549557685852
0.172868013381958
0.29353103041648865
0.1868809312582016
0.19875508546829224
0.20840772986412048
0.1518816351890564
0.12914474308490753
0.12999951839447021
0.13256096839904785
0.19738002121448517
0.18200747668743134
0.17501647770404816
0.15190142393112183
0.21151196956634521
0.2231684923171997
0.16019076108932495
0.16946947574615479
0.17220215499401093
0.20855166018009186
0.2227519452571869
0.22931811213493347
0.10956606268882751
0.17657995223999023
0.2841600775718689
0.17661064863204956
0.16305077075958252
0.15351757407188416
