0.13812942802906036
0.2654406428337097
0.2156984508037567
0.24861426651477814
0.08405698090791702
0.17967240512371063
0.20552410185337067
0.27474358677864075
0.1703382134437561
0.2219068706035614
0.25641360878944397
0.2026481181383133
0.40808725357055664
0.17334531247615814
0.19975946843624115
0.23380447924137115
0.16570715606212616
0.21937650442123413
0.15142954885959625
0.21410606801509857
0.19323968887329102
0.15997067093849182
0.25530102849006653
0.22715529799461365
0.18766547739505768
0.11800024658441544
0.21499784290790558
0.20005689561367035
0.2166050523519516
0.19210661947727203
0.24776865541934967
0.19528335332870483
0.21236850321292877
0.2627241015434265
0.12682105600833893
0.20954613387584686
0.2226133793592453
0.22107063233852386
0.15506739914417267
0.2358984351158142
0.1936665028333664
0.3274567425251007
0.4034341275691986
0.11261313408613205
0.21010707318782806
0.26923900842666626
0.2522069811820984
0.12223202735185623
0.17763496935367584
0.15751370787620544
0.23555517196655273
0.1533462256193161
0.19732174277305603
0.18499423563480377
0.2342332899570465
0.16617734730243683
0.153943732380867
0.1373780071735382
0.22469301521778107
0.2270442694425583
0.21662823855876923
0.17211468517780304
0.1281106024980545
0.21308481693267822
0.3526526689529419
0.2501133382320404
0.1251547932624817
0.2444785088300705
0.20228953659534454
0.1926126629114151
0.2045270800590515
0.26501476764678955
0.19992347061634064
0.27677837014198303
0.1516333818435669
0.1908368468284607
0.17618708312511444
0.3207464814186096
0.18949860334396362
0.289248526096344
0.15519820153713226
0.3077218532562256
0.20323288440704346
0.16290293633937836
0.29280152916908264
0.22600789368152618
0.17246976494789124
0.28144749999046326
0.2521987855434418
0.13945429027080536
0.10501126945018768
0.2844699025154114
0.14045009016990662
0.1286768615245819
0.147899329662323
0.23303237557411194
0.1998458355665207
0.23066984117031097
0.150258406996727
0.26884526014328003
0.18930135667324066
0.21210063993930817
0.2697656452655792
0.23068171739578247
0.2793850004673004
0.19550135731697083
0.21547885239124298
0.15593312680721283
0.24428512156009674
0.1944389045238495
0.2004595398902893
0.2285679131746292
0.2588571310043335
0.2729766368865967
0.13988231122493744
0.14386841654777527
0.17990180850028992
0.11018513888120651
0.24105460941791534
0.1420418620109558
0.34041866660118103
0.21467633545398712
0.22374826669692993
0.12154866755008698
0.15708257257938385
0.202573761343956
0.34786346554756165
0.31014055013656616
0.2129477858543396
0.2886676490306854
0.15534847974777222
0.28232434391975403
0.19521823525428772
0.25542813539505005
0.09827445447444916
0.21412305533885956
0.10811186581850052
0.27203449606895447
0.16000960767269135
0.242047980427742
0.20651209354400635
0.18110975623130798
0.11294873803853989
0.16644932329654694
0.20467284321784973
0.22933433949947357
0.2667087912559509
0.2757780849933624
0.12524744868278503
0.2514511048793793
0.13564763963222504
0.18110696971416473
0.26597586274147034
0.18379251658916473
0.1512671858072281
0.2842957675457001
0.2132391631603241
0.23238876461982727
0.24999018013477325
0.23623812198638916
0.161330446600914
0.14045356214046478
0.2557188868522644
0.1483820378780365
0.19554458558559418
0.15110987424850464
0.18579493463039398
0.12627103924751282
0.3163624703884125
0.21406351029872894
0.19737020134925842
0.17507031559944153
0.22376225888729095
0.2237667590379715
0.2851870357990265
0.21575848758220673
0.16615913808345795
0.1506088525056839
0.2058151662349701
0.17697903513908386
0.2198682427406311
0.2384020984172821
0.1962723731994629
0.21730296313762665
0.2560548484325409
0.3035770058631897
0.2591896653175354
0.24138173460960388
0.16776606440544128
0.34228402376174927
0.17248409986495972
0.14048631489276886
0.3122231364250183
0.24636347591876984
0.220296248793602
0.15674586594104767
0.27990013360977173
0.15331153571605682
0.2405978888273239
0.1305806189775467
0.2641800343990326
0.21609370410442352
0.25346487760543823
0.2322610467672348
0.24669286608695984
0.14640149474143982
0.1703583002090454
0.23302757740020752
0.11720657348632812
0.23752209544181824
0.178052619099617
0.28553250432014465
0.23868301510810852
0.18751001358032227
0.09636063873767853
0.23298518359661102
0.13701492547988892
0.21272897720336914
0.3061809539794922
0.16701766848564148
0.1480436772108078
0.25658702850341797
0.34211060404777527
0.1525646150112152
0.1292669028043747
0.17002271115779877
0.25620323419570923
0.1576765477657318
0.16569511592388153
0.163605734705925
0.2815052270889282
0.15267986059188843
0.1594923585653305
0.1708255410194397
0.2615003287792206
0.35340654850006104
0.166639506816864
0.24409326910972595
0.23217040300369263
0.1261371225118637
0.1803935170173645
0.234545037150383
0.2362387329339981
0.2903452515602112
0.23776842653751373
0.1758730560541153
0.11329210549592972
0.24505625665187836
0.184879332780838
0.21649771928787231
0.24053490161895752
0.16831187903881073
0.18627765774726868
0.12041010707616806
0.13565295934677124
0.2142082154750824
0.17948125302791595
0.21083706617355347
0.23061765730381012
0.17682980000972748
0.2677253484725952
0.181730255484581
0.17666873335838318
0.2901642620563507
0.10589861869812012
0.12932799756526947
0.2170504778623581
0.16999857127666473
0.17246335744857788
0.25862476229667664
0.12106361240148544
0.28249654173851013
0.1453559547662735
0.2895737886428833
0.13196393847465515
0.16164983808994293
0.22014905512332916
0.12093958258628845
0.09801407903432846
0.28987130522727966
0.20077136158943176
0.24686233699321747
0.18077975511550903
0.20246045291423798
0.13484439253807068
0.15830864012241364
0.18785634636878967
0.22896474599838257
0.3350889980792999
0.20981831848621368
0.1507558673620224
0.2618725299835205
0.23256820440292358
0.2637662887573242
0.12814638018608093
0.2459426373243332
0.1820029765367508
0.21991945803165436
0.15186698734760284
0.15742461383342743
0.19157452881336212
0.1968519538640976
0.16198337078094482
0.20137563347816467
0.24578548967838287
0.1902136206626892
0.20354342460632324
0.28508955240249634
0.32320424914360046
0.18454156816005707
0.16982412338256836
0.11350667476654053
0.20867092907428741
0.20247775316238403
0.19637589156627655
0.2685609459877014
0.1948680579662323
0.2954833209514618
0.3163718581199646
0.14966337382793427
0.30926138162612915
0.28940925002098083
0.2542206645011902
0.20474785566329956
0.27970215678215027
0.2278096079826355
0.3193252980709076
0.27674970030784607
0.22959157824516296
0.36015596985816956
0.20219293236732483
0.23598076403141022
0.26215648651123047
0.13929948210716248
0.23412743210792542
0.17076106369495392
0.3062872290611267
0.1907110959291458
0.12757886946201324
0.21953043341636658
0.1620338410139084
0.26829928159713745
0.14781178534030914
0.26078367233276367
0.2515925168991089
0.24719467759132385
0.2153865098953247
0.15752634406089783
0.2057226598262787
0.17376679182052612
0.2700389623641968
0.1635260283946991
0.3289475440979004
0.23305684328079224
0.17589989304542542
0.22727257013320923
0.19146008789539337
0.19004149734973907
0.19259659945964813
0.24336428940296173
0.1242368072271347
0.24366973340511322
0.21372701227664948
0.2517310678958893
0.2606232166290283
0.19005034863948822
0.22112897038459778
0.23409169912338257
0.23002976179122925
0.1908131092786789
0.27707037329673767
0.21526814997196198
0.32887712121009827
0.20612876117229462
0.1650083363056183
0.29000481963157654
0.1976567506790161
0.27502864599227905
0.21356132626533508
0.1075875461101532
0.20069566369056702
0.2642994821071625
0.10986495763063431
0.20828557014465332
0.23320849239826202
0.2354757934808731
0.18193694949150085
0.10781066864728928
0.16753792762756348
0.2534763216972351
0.14029563963413239
0.26057833433151245
0.22098465263843536
0.21058295667171478
0.29047727584838867
0.20010457932949066
0.30926162004470825
0.17676487565040588
0.1874077171087265
0.32898589968681335
0.29991865158081055
0.14226923882961273
0.16999508440494537
0.2165549397468567
0.19091393053531647
0.1730043590068817
0.14912256598472595
0.1892012357711792
0.23177680373191833
0.1869623214006424
0.1341438889503479
0.20961390435695648
0.14455144107341766
0.2410086840391159
0.17910723388195038
0.17971941828727722
0.11119194328784943
0.13936355710029602
0.3805176019668579
0.22170066833496094
0.19722625613212585
0.2589208781719208
0.1764329969882965
0.255720853805542
0.23714590072631836
0.17692747712135315
0.2137017846107483
0.15328370034694672
0.2254921793937683
0.17492090165615082
0.21390555799007416
0.3040158450603485
0.2349603772163391
0.2229878455400467
0.17339546978473663
0.18416814506053925
0.20332270860671997
0.20076556503772736
0.18477807939052582
0.15711797773838043
0.24021083116531372
0.25945746898651123
0.26349762082099915
0.2613873779773712
0.27211397886276245
0.21132346987724304
0.18034593760967255
0.3276190757751465
0.1752946525812149
0.1615106165409088
0.12512579560279846
0.2239493876695633
0.19966863095760345
0.25730961561203003
0.14957545697689056
0.18611206114292145
0.19159190356731415
0.15309220552444458
0.2282954454421997
0.22484999895095825
0.15912944078445435
0.15164154767990112
0.2980456054210663
0.22811166942119598
0.25823697447776794
0.3006070852279663
0.16963501274585724
0.1703893095254898
0.13928702473640442
0.16892506182193756
0.20029039680957794
0.18306468427181244
0.3425903022289276
0.2572872042655945
0.1895177662372589
0.16435110569000244
0.22106409072875977
0.15495294332504272
0.1840398907661438
0.2304527759552002
0.14917147159576416
0.1972077190876007
0.20290252566337585
0.18612805008888245
0.2505788505077362
0.18752513825893402
0.20442837476730347
0.17326772212982178
0.2917388677597046
0.10523728281259537
0.2684118449687958
0.23430266976356506
0.2472887635231018
0.22375258803367615
0.24421019852161407
0.17714278399944305
0.13605356216430664
0.19789612293243408
0.2698635458946228
0.21635238826274872
0.1606685072183609
0.2174026519060135
0.17862269282341003
0.2081403136253357
0.2444257140159607
0.2539078891277313
