0.194126158952713
0.1758282482624054
0.18201223015785217
0.2262093424797058
0.190789595246315
0.23103095591068268
0.1732259839773178
0.3625766634941101
0.2450852394104004
0.2454206794500351
0.16070114076137543
0.1621118038892746
0.24376024305820465
0.18233805894851685
0.30549174547195435
0.17238196730613708
0.18590979278087616
0.12163153290748596
0.24758654832839966
0.3273472487926483
0.1898936778306961
0.2355974316596985
0.13920103013515472
0.24755632877349854
0.0860123410820961
0.23127347230911255
0.15820495784282684
0.21365143358707428
0.16183248162269592
0.2069568783044815
0.15217086672782898
0.24749518930912018
0.19122736155986786
0.19084210693836212
0.19752728939056396
0.2581983804702759
0.14730204641819
0.28224730491638184
0.18437892198562622
0.17172971367835999
0.1844940334558487
0.20943951606750488
0.14718084037303925
0.246135413646698
0.2341194897890091
0.15840940177440643
0.2453007996082306
0.19226352870464325
0.19967137277126312
0.18597069382667542
0.3031062185764313
0.09632780402898788
0.12433669716119766
0.19978994131088257
0.16752749681472778
0.16101539134979248
0.14765086770057678
0.18500544130802155
0.2946702837944031
0.1337708979845047
0.19292263686656952
0.29215872287750244
0.21840594708919525
0.18153300881385803
0.23648203909397125
0.24965451657772064
0.2206231653690338
0.2621995210647583
0.23321086168289185
0.345847487449646
0.19677183032035828
0.18206560611724854
0.24662898480892181
0.22920824587345123
0.2273859679698944
0.1952555775642395
0.1780921071767807
0.19073402881622314
0.2887172996997833
0.293192595243454
0.34054532647132874
0.3349660634994507
0.17929522693157196
0.12062787264585495
0.19594988226890564
0.2640017569065094
0.16784119606018066
0.1396436244249344
0.20558851957321167
0.2561575174331665
0.22384488582611084
0.13180355727672577
0.2924060523509979
0.3110019862651825
0.26962244510650635
0.17776237428188324
0.23237274587154388
0.2115778774023056
0.2840450406074524
0.2955649197101593
0.19941316545009613
0.22058188915252686
0.19504454731941223
0.17029604315757751
0.21622037887573242
0.1220778375864029
0.11018015444278717
0.22997896373271942
0.26989924907684326
0.2899448573589325
0.17036938667297363
0.20563983917236328
0.23994776606559753
0.1814926564693451
0.2094714343547821
0.19066277146339417
0.2767415940761566
0.1678706854581833
0.2917286157608032
0.2135758250951767
0.1990155726671219
0.16940182447433472
0.17727261781692505
0.22111521661281586
0.22604449093341827
0.1855900138616562
0.12258412688970566
0.1962582916021347
0.1564367264509201
0.1739397495985031
0.21936126053333282
0.1931665986776352
0.21847599744796753
0.2404853254556656
0.18377649784088135
0.16947674751281738
0.14759767055511475
0.2206133008003235
0.25024062395095825
0.20927852392196655
0.15568526089191437
0.15273909270763397
0.15598979592323303
0.22978782653808594
0.18749870359897614
0.30887487530708313
0.2334464192390442
0.15102477371692657
0.20168787240982056
0.2383306920528412
0.12982936203479767
0.1990826427936554
0.16853688657283783
0.331815630197525
0.15225772559642792
0.22183863818645477
0.1707627922296524
0.24090637266635895
0.3683904707431793
0.13716764748096466
0.19748835265636444
0.28853046894073486
0.2027498185634613
0.20657722651958466
0.14284424483776093
0.2572334408760071
0.21398504078388214
0.20406150817871094
0.21971267461776733
0.19275885820388794
0.2641131579875946
0.1562993824481964
0.22638188302516937
0.11865756660699844
0.24096179008483887
0.20726314187049866
0.19694557785987854
0.20489948987960815
0.24649609625339508
0.23499318957328796
0.25546228885650635
0.34024596214294434
0.26086223125457764
0.23492227494716644
0.199657142162323
0.18404105305671692
0.3680698573589325
0.1812898963689804
0.14295285940170288
0.1742970049381256
0.1640818864107132
0.24001333117485046
0.1636546552181244
0.28320416808128357
0.2585143744945526
0.17990443110466003
0.26793262362480164
0.17437879741191864
0.20852187275886536
0.1913476586341858
0.1301807463169098
0.19758115708827972
0.1285361498594284
0.17753998935222626
0.33665838837623596
0.2803665101528168
0.20592987537384033
0.1192534789443016
0.19173811376094818
0.21030572056770325
0.22672969102859497
0.17968551814556122
0.12716414034366608
0.23239606618881226
0.22348032891750336
0.15937332808971405
0.3037983179092407
0.2169034779071808
0.1916036754846573
0.17803442478179932
0.17957794666290283
0.20849056541919708
0.21356859803199768
0.2496119737625122
0.11750295013189316
0.13975553214550018
0.31569036841392517
0.24425570666790009
0.22761352360248566
0.24226127564907074
0.31291353702545166
0.22086848318576813
0.20630474388599396
0.12380888313055038
0.18460026383399963
0.2096768468618393
0.20136946439743042
0.17075899243354797
0.19802817702293396
0.331025093793869
0.1849672943353653
0.20507727563381195
0.20761197805404663
0.24701747298240662
0.16148895025253296
0.2272062748670578
0.18287719786167145
0.19967013597488403
0.22965914011001587
0.27897462248802185
0.21649903059005737
0.26285797357559204
0.24319249391555786
0.316186785697937
0.24774320423603058
0.23680590093135834
0.24524220824241638
0.23149658739566803
0.16337065398693085
0.19996266067028046
0.30709078907966614
0.3523273468017578
0.1591183990240097
0.3465632200241089
0.2936568856239319
0.24510030448436737
0.19186250865459442
0.1394430249929428
0.2066064178943634
0.2488788366317749
0.16400572657585144
0.2609684467315674
0.13707667589187622
0.2011832445859909
0.28672245144844055
0.2515193819999695
0.3571576178073883
0.1371820569038391
0.22910736501216888
0.2062993347644806
0.14448297023773193
0.15972934663295746
0.2061944305896759
0.20189209282398224
0.2015388160943985
0.27013111114501953
0.22916094958782196
0.21086019277572632
0.11735653877258301
0.22943665087223053
0.1396961808204651
0.1583731472492218
0.18220095336437225
0.17885109782218933
0.26589488983154297
0.14621853828430176
0.22030873596668243
0.20185615122318268
0.24766375124454498
0.147596538066864
0.1676671802997589
0.3054894804954529
0.19270126521587372
0.27622154355049133
0.18519744277000427
0.18692223727703094
0.18868368864059448
0.17957335710525513
0.18296204507350922
0.19661633670330048
0.1781149059534073
0.17245441675186157
0.16950125992298126
0.2160959392786026
0.13816402852535248
0.15756167471408844
0.18495820462703705
0.11882533878087997
0.21762318909168243
0.2975824475288391
0.3089585602283478
0.17601922154426575
0.21107834577560425
0.21883583068847656
0.2606606185436249
0.18055231869220734
0.1946335881948471
0.1693039983510971
0.20018373429775238
0.2506454885005951
0.11380915343761444
0.20730844140052795
0.12478224188089371
0.13437163829803467
0.1518356055021286
0.21725639700889587
0.29965850710868835
0.22862279415130615
0.17827682197093964
0.18337644636631012
0.1431903839111328
0.14596132934093475
0.09762782603502274
0.214924156665802
0.1380724161863327
0.2110973298549652
0.16030524671077728
0.1799425184726715
0.18340912461280823
0.2894095480442047
0.15783938765525818
0.19920414686203003
0.19412554800510406
0.1613338589668274
0.3332693576812744
0.1895182728767395
0.17835307121276855
0.3337775766849518
0.15788620710372925
0.1533881425857544
0.26843515038490295
0.36406221985816956
0.22040921449661255
0.1958058923482895
0.23890182375907898
0.15407003462314606
0.2344605028629303
0.15936951339244843
0.17998191714286804
0.3499053418636322
0.3300865590572357
0.2967270612716675
0.17701616883277893
0.2789779007434845
0.16806644201278687
0.18771162629127502
0.14014802873134613
0.30855101346969604
0.2079237997531891
0.1934431791305542
0.16352416574954987
0.16643451154232025
0.19769367575645447
0.2249472737312317
0.31294703483581543
0.2536676526069641
0.16706489026546478
0.232452392578125
0.20431514084339142
0.3182048499584198
0.11485150456428528
0.16840356588363647
0.32734695076942444
0.21434326469898224
0.27236711978912354
0.1812213659286499
0.11378182470798492
0.2427930235862732
0.20113730430603027
0.22295056283473969
0.21854422986507416
0.24959628283977509
0.2154114842414856
0.259339302778244
0.20937702059745789
0.183163583278656
0.13578224182128906
0.1070682555437088
0.181973397731781
0.17776472866535187
0.29991599917411804
0.18590937554836273
0.315591037273407
0.22304192185401917
0.1804363876581192
0.22449569404125214
0.15842969715595245
0.22323723137378693
0.19800414144992828
0.1872784048318863
0.3385500907897949
0.26119986176490784
0.2441532462835312
0.27470698952674866
0.1700671911239624
0.27292555570602417
0.15513548254966736
0.20687702298164368
0.26493269205093384
0.23015795648097992
0.15173658728599548
0.2203570306301117
0.28418469429016113
0.14254142343997955
0.17104865610599518
0.2761194407939911
0.15196093916893005
0.13912655413150787
0.23373183608055115
0.1475045084953308
0.21360644698143005
0.18123039603233337
0.18659140169620514
0.1296623796224594
0.1468152552843094
0.17991209030151367
0.1423235386610031
0.16666501760482788
0.19193719327449799
0.1884697675704956
0.22908653318881989
0.21552614867687225
0.23965515196323395
0.17501100897789001
0.19220642745494843
0.2681039869785309
0.20944331586360931
0.1856423318386078
0.1739654392004013
0.14585110545158386
0.26030510663986206
0.26888230443000793
0.2527284026145935
0.2328088879585266
0.13618795573711395
0.19141113758087158
0.2571543753147125
0.23209966719150543
0.1499142050743103
0.2252616137266159
0.36919307708740234
0.25715628266334534
0.1869848370552063
0.14219363033771515
0.2470204383134842
0.20724792778491974
0.26330506801605225
0.1878441870212555
0.10703128576278687
0.20673593878746033
0.1250607818365097
0.1959144026041031
0.25626736879348755
0.17429399490356445
0.1743275374174118
0.1413353532552719
0.16257882118225098
0.14645639061927795
0.21320052444934845
0.21689796447753906
0.10429923236370087
0.3590319752693176
0.2390034943819046
0.18943093717098236
0.19608350098133087
0.2627333998680115
0.1984519511461258
0.21759262681007385
0.2103862762451172
0.16298282146453857
0.10728520900011063
0.22954148054122925
0.19063006341457367
0.11263462156057358
0.25212299823760986
0.14996472001075745
