0.20404405891895294
0.174790158867836
0.15763145685195923
0.21044506132602692
0.1935446411371231
0.17573899030685425
0.30586695671081543
0.2196868360042572
0.2815987765789032
0.27929753065109253
0.2299259901046753
0.19242821633815765
0.22731898725032806
0.19763457775115967
0.3420974314212799
0.17560070753097534
0.3520089089870453
0.29481709003448486
0.2504134476184845
0.20174568891525269
0.21044708788394928
0.190641388297081
0.18168765306472778
0.21752113103866577
0.24229034781455994
0.14573146402835846
0.12110519409179688
0.166029691696167
0.20965443551540375
0.1947273463010788
0.20779447257518768
0.2677384912967682
0.22567173838615417
0.22215864062309265
0.219954252243042
0.17399170994758606
0.23525267839431763
0.19194833934307098
0.19917212426662445
0.2394644170999527
0.16499929130077362
0.1856897622346878
0.16014918684959412
0.2589823007583618
0.1991737335920334
0.14275135099887848
0.33706429600715637
0.24429534375667572
0.25689464807510376
0.19748522341251373
0.38704460859298706
0.23510047793388367
0.2364029437303543
0.344356894493103
0.27978914976119995
0.229328453540802
0.23180453479290009
0.18996116518974304
0.18654213845729828
0.2602826952934265
0.17259201407432556
0.182607039809227
0.2514343857765198
0.2012474238872528
0.16540630161762238
0.1808275729417801
0.1658039093017578
0.22268672287464142
0.2183232307434082
0.17966900765895844
0.18396210670471191
0.2182193547487259
0.166324183344841
0.3117848336696625
0.15322993695735931
0.202427476644516
0.27603182196617126
0.24504241347312927
0.28912681341171265
0.21002618968486786
0.23506930470466614
0.23751342296600342
0.21038059890270233
0.13458925485610962
0.29323476552963257
0.2566632330417633
0.21919944882392883
0.168097123503685
0.2262153923511505
0.13938508927822113
0.20204271376132965
0.20663666725158691
0.2457015961408615
0.22600282728672028
0.24140864610671997
0.24792782962322235
0.27848029136657715
0.18872986733913422
0.27747055888175964
0.1573687344789505
0.18234750628471375
0.10844488441944122
0.2012680619955063
0.2333267778158188
0.21116989850997925
0.270790696144104
0.18859702348709106
0.1572115272283554
0.13148248195648193
0.1879694163799286
0.24506551027297974
0.16381408274173737
0.22725076973438263
0.19149306416511536
0.2895757853984833
0.3747750222682953
0.2548264265060425
0.2650013267993927
0.2505646347999573
0.08456626534461975
0.1732356995344162
0.24190139770507812
0.17573976516723633
0.14168721437454224
0.17141321301460266
0.2552017271518707
0.20596949756145477
0.22121065855026245
0.2588815987110138
0.2733059823513031
0.16685636341571808
0.23456570506095886
0.21355190873146057
0.19600868225097656
0.16437716782093048
0.1635454297065735
0.2168722301721573
0.14772918820381165
0.21993891894817352
0.17644546926021576
0.25311964750289917
0.2100769281387329
0.3512594401836395
0.1626231074333191
0.25791987776756287
0.14296883344650269
0.1730911284685135
0.26123422384262085
0.24701964855194092
0.1795923262834549
0.16289974749088287
0.1644454449415207
0.18406015634536743
0.18201282620429993
0.2627452611923218
0.1968315839767456
0.22070647776126862
0.202077254652977
0.1962757557630539
0.2218897044658661
0.16458813846111298
0.23399902880191803
0.24093276262283325
0.2094523161649704
0.2765275537967682
0.14354996383190155
0.11725432425737381
0.182098388671875
0.24733413755893707
0.22048716247081757
0.1892213374376297
0.23540738224983215
0.21414367854595184
0.19997090101242065
0.17787054181098938
0.27410194277763367
0.27185195684432983
0.23709024488925934
0.15021154284477234
0.15599800646305084
0.17162223160266876
0.1751561164855957
0.16893191635608673
0.31158068776130676
0.21912671625614166
0.391998827457428
0.23822464048862457
0.338266521692276
0.1758142113685608
0.15510055422782898
0.12760591506958008
0.15477187931537628
0.18580082058906555
0.25631076097488403
0.21602565050125122
0.21695809066295624
0.2691049575805664
0.1516517698764801
0.2453131079673767
0.2539792060852051
0.18605023622512817
0.2698361575603485
0.29547685384750366
0.1695786863565445
0.2694205641746521
0.18746140599250793
0.15084339678287506
0.19315142929553986
0.30106624960899353
0.19923922419548035
0.2725469172000885
0.2915292978286743
0.17880116403102875
0.34295254945755005
0.11150261014699936
0.3417494297027588
0.2324514240026474
0.23353807628154755
0.21168547868728638
0.197089284658432
0.172999769449234
0.3183134198188782
0.2062043845653534
0.2391030639410019
0.2794778048992157
0.2573259472846985
0.223944291472435
0.11289603263139725
0.2270861119031906
0.13249196112155914
0.2184184491634369
0.21392951905727386
0.19724838435649872
0.21272732317447662
0.18063586950302124
0.2994588315486908
0.11513859778642654
0.3693954348564148
0.14704154431819916
0.22468449175357819
0.1136484295129776
0.21875758469104767
0.22790981829166412
0.413213849067688
0.1768161505460739
0.09826657176017761
0.147271528840065
0.16650666296482086
0.1570519208908081
0.14898031949996948
0.16768184304237366
0.21836251020431519
0.20793499052524567
0.12823288142681122
0.18447910249233246
0.23593614995479584
0.15026001632213593
0.17591939866542816
0.25438812375068665
0.13079525530338287
0.2274516075849533
0.2623468339443207
0.19438886642456055
0.23306798934936523
0.20287494361400604
0.22927989065647125
0.25744789838790894
0.2792852818965912
0.1751922369003296
0.1857253909111023
0.25643351674079895
0.2821429967880249
0.15709403157234192
0.2617636024951935
0.19084657728672028
0.23332758247852325
0.19146350026130676
0.14583265781402588
0.28940752148628235
0.17245961725711823
0.1094825342297554
0.1665724217891693
0.33270135521888733
0.28188350796699524
0.28303253650665283
0.17505568265914917
0.20292465388774872
0.23789268732070923
0.1760130524635315
0.24219533801078796
0.2223002314567566
0.22336135804653168
0.20210734009742737
0.109551340341568
0.10053190588951111
0.21291470527648926
0.21483029425144196
0.11490689963102341
0.15131902694702148
0.24178487062454224
0.2855563461780548
0.11178965121507645
0.2507510483264923
0.19927069544792175
0.18644773960113525
0.18992437422275543
0.21294844150543213
0.25189584493637085
0.2983801066875458
0.16127239167690277
0.2046678215265274
0.23401343822479248
0.2562376856803894
0.15171098709106445
0.15579137206077576
0.20099720358848572
0.14534148573875427
0.1669536530971527
0.14224877953529358
0.15325984358787537
0.28753530979156494
0.20006470382213593
0.200297012925148
0.2346857190132141
0.17299851775169373
0.2529239058494568
0.23108139634132385
0.1891327053308487
0.2230829894542694
0.1692570447921753
0.16244585812091827
0.2566523849964142
0.28547149896621704
0.14435988664627075
0.20403419435024261
0.1691412627696991
0.1913437843322754
0.20671239495277405
0.24404853582382202
0.30592289566993713
0.3612060844898224
0.20870442688465118
0.39233383536338806
0.23885996639728546
0.21569490432739258
0.19667981564998627
0.16914740204811096
0.3288576006889343
0.19095636904239655
0.13739512860774994
0.22932256758213043
0.29866698384284973
0.23516345024108887
0.22110611200332642
0.21255621314048767
0.25770819187164307
0.1566932648420334
0.21354202926158905
0.2742174565792084
0.1812717467546463
0.20359061658382416
0.31592437624931335
0.23575516045093536
0.13597293198108673
0.15315353870391846
0.20884676277637482
0.2563539743423462
0.23221732676029205
0.1473628580570221
0.22065818309783936
0.28778257966041565
0.21934814751148224
0.19477340579032898
0.21537737548351288
0.16861195862293243
0.21123026311397552
0.26067838072776794
0.22649455070495605
0.25132206082344055
0.23579543828964233
0.23748037219047546
0.15375261008739471
0.21634450554847717
0.28682249784469604
0.13752481341362
0.2012731432914734
0.12940233945846558
0.4040187895298004
0.204562708735466
0.16188998520374298
0.20329003036022186
0.19311873614788055
0.19857670366764069
0.14723825454711914
0.20039966702461243
0.1814376562833786
0.27773192524909973
0.2181800901889801
0.16049312055110931
0.12423540651798248
0.18481571972370148
0.16159099340438843
0.1739090234041214
0.24014973640441895
0.18241457641124725
0.11688452214002609
0.16594384610652924
0.2964913249015808
0.19285909831523895
0.21799097955226898
0.2682010531425476
0.22669634222984314
0.2244349718093872
0.1796807497739792
0.20618043839931488
0.2444342076778412
0.12629446387290955
0.15078039467334747
0.20649993419647217
0.19826894998550415
0.2094116359949112
0.20827406644821167
0.1917274445295334
0.16932427883148193
0.24041518568992615
0.19377577304840088
0.16572485864162445
0.2678472101688385
0.26476120948791504
0.23578689992427826
0.2075602114200592
0.12671932578086853
0.11328398436307907
0.2310323566198349
0.19957733154296875
0.22956548631191254
0.18340960144996643
0.23361213505268097
0.117505744099617
0.17277370393276215
0.17455807328224182
0.2366219311952591
0.1152976006269455
0.21637625992298126
0.2861611843109131
0.1748885214328766
0.2611207962036133
0.27511346340179443
0.14227589964866638
0.25598645210266113
0.2589571177959442
0.22082819044589996
0.2031901776790619
0.2502109110355377
0.19853724539279938
0.259305864572525
0.16343796253204346
0.17990347743034363
0.22526110708713531
0.11754412204027176
0.173482283949852
0.21723154187202454
0.23834380507469177
0.10682208836078644
0.2362443506717682
0.3361753225326538
0.3220348060131073
0.2538488209247589
0.28431692719459534
0.18914669752120972
0.14849162101745605
0.16153739392757416
0.2839314043521881
0.2378084510564804
0.28647950291633606
0.24287766218185425
0.12769542634487152
0.3615609109401703
0.2155204713344574
0.2193245142698288
0.29948458075523376
0.23342666029930115
0.25359830260276794
0.1975994110107422
0.2147819995880127
0.1997361034154892
0.24636210501194
0.18153326213359833
0.15748904645442963
0.25838929414749146
0.27787861227989197
0.23126345872879028
0.15150229632854462
0.12311016023159027
0.13793636858463287
0.176283061504364
0.2400154173374176
0.1387081742286682
0.19712761044502258
0.20855595171451569
0.2917768359184265
0.1250113695859909
0.2528076767921448
0.15955716371536255
0.1000668853521347
0.12635238468647003
