0.1902381181716919
0.14028820395469666
0.2219761610031128
0.29741114377975464
0.12381904572248459
0.1826414167881012
0.23442332446575165
0.1557413935661316
0.18779945373535156
0.23717544972896576
0.21060186624526978
0.1854090392589569
0.25247547030448914
0.16627879440784454
0.19445005059242249
0.08818376809358597
0.2593502998352051
0.15139417350292206
0.25385403633117676
0.176784947514534
0.2359696477651596
0.21272283792495728
0.25540778040885925
0.22602567076683044
0.12388903647661209
0.31406986713409424
0.19376462697982788
0.16950906813144684
0.22371889650821686
0.2393055260181427
0.30381113290786743
0.2169790118932724
0.15964937210083008
0.2704579532146454
0.20835362374782562
0.22496651113033295
0.17790140211582184
0.23023594915866852
0.1519799828529358
0.22619424760341644
0.28262609243392944
0.10970059782266617
0.1057589054107666
0.18450619280338287
0.19318510591983795
0.1719503253698349
0.17492303252220154
0.2388022541999817
0.21523262560367584
0.2674151659011841
0.2778458595275879
0.20521646738052368
0.32142022252082825
0.21547755599021912
0.11958413571119308
0.2508620023727417
0.2522370517253876
0.16072723269462585
0.138637974858284
0.1863088309764862
0.1838771551847458
0.19728168845176697
0.21683472394943237
0.18461817502975464
0.20128636062145233
0.23474034667015076
0.15329547226428986
0.19792552292346954
0.11286482214927673
0.230664923787117
0.24909617006778717
0.1652635633945465
0.21798130869865417
0.1476570963859558
0.23535819351673126
0.26873335242271423
0.22990964353084564
0.09904943406581879
0.29708752036094666
0.2329580932855606
0.23718231916427612
0.13351626694202423
0.13444313406944275
0.2070707380771637
0.24144335091114044
0.22355328500270844
0.29023146629333496
0.2579471468925476
0.16967934370040894
0.17306028306484222
0.30239272117614746
0.3209703862667084
0.33282485604286194
0.2074410319328308
0.23909395933151245
0.14688682556152344
0.2345871776342392
0.3239632546901703
0.3970724940299988
0.2364811897277832
0.3139644265174866
0.24638882279396057
0.31732356548309326
0.24413608014583588
0.2786274254322052
0.23343749344348907
0.22644230723381042
0.2709103226661682
0.22702860832214355
0.1897587925195694
0.2273857146501541
0.2483157366514206
0.1677996814250946
0.19506438076496124
0.1919289082288742
0.19170092046260834
0.11112731695175171
0.2047138214111328
0.22825276851654053
0.17221680283546448
0.22425740957260132
0.2101431041955948
0.2026965320110321
0.1632402092218399
0.13082559406757355
0.2463182508945465
0.13340234756469727
0.1881864368915558
0.2216039001941681
0.1831292361021042
0.21443819999694824
0.20070825517177582
0.21039874851703644
0.28602883219718933
0.23707494139671326
0.2249549925327301
0.16977262496948242
0.18209123611450195
0.2949945032596588
0.2213265299797058
0.22383348643779755
0.14828459918498993
0.30263203382492065
0.22578443586826324
0.1965045928955078
0.20623278617858887
0.32190418243408203
0.22130897641181946
0.09402117133140564
0.24053703248500824
0.20178689062595367
0.18278881907463074
0.15378127992153168
0.24141739308834076
0.14987429976463318
0.2678411602973938
0.2437199205160141
0.2413828819990158
0.20774750411510468
0.13136573135852814
0.18742534518241882
0.16544489562511444
0.20978650450706482
0.2658695578575134
0.1804138869047165
0.23361673951148987
0.28339684009552
0.22015492618083954
0.2427789270877838
0.2951054275035858
0.29258471727371216
0.15731529891490936
0.24052663147449493
0.23843948543071747
0.1119219958782196
0.18954047560691833
0.135101780295372
0.22220481932163239
0.1713954508304596
0.26474806666374207
0.22206507623195648
0.2800835371017456
0.20421455800533295
0.24294413626194
0.1345698982477188
0.2206907421350479
0.14866411685943604
0.22986623644828796
0.17659375071525574
0.3044467568397522
0.31416061520576477
0.3141276240348816
0.1629779040813446
0.19849272072315216
0.20117482542991638
0.177243173122406
0.13853511214256287
0.18214689195156097
0.19189701974391937
0.21370388567447662
0.21810440719127655
0.22152814269065857
0.09646030515432358
0.10773522406816483
0.2764442563056946
0.1769474297761917
0.2897326946258545
0.21977071464061737
0.15941660106182098
0.16799576580524445
0.2186512053012848
0.21018727123737335
0.17103494703769684
0.26215407252311707
0.24498331546783447
0.1826988160610199
0.20923228561878204
0.23187486827373505
0.17293520271778107
0.22819887101650238
0.2058940976858139
0.14669585227966309
0.12904322147369385
0.2201377898454666
0.18455760180950165
0.13648316264152527
0.21626728773117065
0.25854021310806274
0.3261590301990509
0.16000424325466156
0.19863592088222504
0.255132794380188
0.32296058535575867
0.2217702716588974
0.22647817432880402
0.19303679466247559
0.22518043220043182
0.15487921237945557
0.24012458324432373
0.26541081070899963
0.2513922452926636
0.25984060764312744
0.27159541845321655
0.34854182600975037
0.17284613847732544
0.1674201935529709
0.2993898391723633
0.18513263761997223
0.1964884102344513
0.1736389547586441
0.18641747534275055
0.1989942491054535
0.25510039925575256
0.29412418603897095
0.175241157412529
0.20553907752037048
0.1090899407863617
0.184848353266716
0.20592455565929413
0.29907527565956116
0.2740785777568817
0.2181169092655182
0.11041408777236938
0.22475072741508484
0.2600858509540558
0.27572864294052124
0.16338136792182922
0.10675863921642303
0.3116936981678009
0.2347785383462906
0.18017223477363586
0.1972045600414276
0.3462933301925659
0.2882523238658905
0.1735483705997467
0.21129992604255676
0.18348784744739532
0.17042161524295807
0.1310884803533554
0.1628805547952652
0.14118649065494537
0.1789422482252121
0.1994505524635315
0.21163804829120636
0.24523253738880157
0.1251188963651657
0.2568671703338623
0.25773027539253235
0.1577908843755722
0.1870163232088089
0.13227002322673798
0.26723042130470276
0.14148768782615662
0.20687957108020782
0.16055084764957428
0.2275729924440384
0.18450093269348145
0.11360175907611847
0.139008030295372
0.12409871071577072
0.16452716290950775
0.2303180694580078
0.1398872584104538
0.1216542050242424
0.2661516070365906
0.12305385619401932
0.24762974679470062
0.19726108014583588
0.1935688555240631
0.19750069081783295
0.18217068910598755
0.1555027961730957
0.18575017154216766
0.18202903866767883
0.18326148390769958
0.2958739697933197
0.18156646192073822
0.19859059154987335
0.21693675220012665
0.18574431538581848
0.21293550729751587
0.11851529777050018
0.12739211320877075
0.17046503722667694
0.21739855408668518
0.18490518629550934
0.2198197990655899
0.28145188093185425
0.1901819258928299
0.18895787000656128
0.11104698479175568
0.27356380224227905
0.2630411386489868
0.12833210825920105
0.17140284180641174
0.13480491936206818
0.2866233289241791
0.24483563005924225
0.27047964930534363
0.1615271270275116
0.25720587372779846
0.17513799667358398
0.2500557601451874
0.23989883065223694
0.290384441614151
0.16417647898197174
0.223113551735878
0.2575870156288147
0.22135071456432343
0.11919769644737244
0.238708034157753
0.1876881718635559
0.21665234863758087
0.13264955580234528
0.22547829151153564
0.2277202308177948
0.2900071442127228
0.24889665842056274
0.14876355230808258
0.22512318193912506
0.2788619101047516
0.16591447591781616
0.13987797498703003
0.2932870090007782
0.11357546597719193
0.15794779360294342
0.20199227333068848
0.12298965454101562
0.23912742733955383
0.2064763903617859
0.3025301694869995
0.11816819757223129
0.17168515920639038
0.18857063353061676
0.24788402020931244
0.20350106060504913
0.1514834314584732
0.21710878610610962
0.24851194024085999
0.20238696038722992
0.1588159203529358
0.16358023881912231
0.2886638343334198
0.15369191765785217
0.2519192695617676
0.2947384715080261
0.22117500007152557
0.14490240812301636
0.18999269604682922
0.23187285661697388
0.1886185258626938
0.23903824388980865
0.2034885585308075
0.36594364047050476
0.1539338231086731
0.20677903294563293
0.18728458881378174
0.10220032930374146
0.28095611929893494
0.21907295286655426
0.28280094265937805
0.15693631768226624
0.20951665937900543
0.1706247329711914
0.17155012488365173
0.18737094104290009
0.2722000777721405
0.3437153100967407
0.1514253169298172
0.16226661205291748
0.13735473155975342
0.12616075575351715
0.16510732471942902
0.21096041798591614
0.24955026805400848
0.19171547889709473
0.18258151412010193
0.18071162700653076
0.23191818594932556
0.20454749464988708
0.23759308457374573
0.08534009754657745
0.2354554682970047
0.17335113883018494
0.25218677520751953
0.1675553172826767
0.17389380931854248
0.17321215569972992
0.17473754286766052
0.2236442118883133
0.17204514145851135
0.2079949676990509
0.17609791457653046
0.2696686387062073
0.2101466804742813
0.2160923331975937
0.33078649640083313
0.18737013638019562
0.1568044275045395
0.23316965997219086
0.1835230141878128
0.1556626856327057
0.2856161296367645
0.28737643361091614
0.14118264615535736
0.11310335993766785
0.22701644897460938
0.2507127523422241
0.17102688550949097
0.15704655647277832
0.2341727465391159
0.22372764348983765
0.2696426212787628
0.29563453793525696
0.2242717295885086
0.24278783798217773
0.16698147356510162
0.17567387223243713
0.278211772441864
0.17580823600292206
0.13693690299987793
0.23529991507530212
0.2552580237388611
0.2890361547470093
0.18149076402187347
0.1995931714773178
0.24779446423053741
0.23907755315303802
0.21921014785766602
0.20605871081352234
0.2210874706506729
0.18415169417858124
0.2550145387649536
0.22924427688121796
0.23166117072105408
0.22516323626041412
0.12128354609012604
0.1649065911769867
0.18370971083641052
0.23474715650081635
0.31038698554039
0.20313607156276703
0.289000540971756
0.31225889921188354
0.2680429220199585
0.17965641617774963
0.33657997846603394
0.23161013424396515
0.22317588329315186
0.21891425549983978
0.3285657465457916
0.22091692686080933
0.22790397703647614
0.18005706369876862
0.15071801841259003
0.1734210103750229
0.2861301600933075
0.21250133216381073
0.21141745150089264
0.15903761982917786
0.22384028136730194
0.24230986833572388
0.269153892993927
0.21706977486610413
0.16903910040855408
0.15754000842571259
